2  8  2 11  8 -2  
2 22  5 31  1  3  
2 19  9 26  4  6  
2  4  9 30  9  2  
2 15  2 19  2 -5  
2 14  3 26  2  4  
2  6  4 21  0  6  
2  4  7  8  9  2  
2  7  0 28  3  2  
2 12  2 28  7 -3  
2 24  6 31  4  2  
2  3  8  6  3  2  
2 17  9 29  1 -3  
2 22  4 26  3  1  
2 20  1 25  1  5  
3  1  9 29  2 21  8 -3  
2  4  2 19  9  2  
2 17  9 22  3 -7  
2 21  2 28  4 -3  
3  4  1 26  8 24  9 -4  
3 19  7 22  1  2  2 -2  
3 17  2 21  8 24  2  6  
3 26  4 29  8  6  6  2  
2 14  9 27  6  6  
2  3  9 18  0  2  
2 12  0 14  9  3  
3  2  4 24  7 25  2  3  
3 11  0 18  5 22  9 -3  
3 10  3 16  0 17  2  4  
2 19  4 22  9  4  
2 20  0 26  5 -2  
2 23  0 29  9 -4  
3 13  7 16  1 17  0  5  
3  7  2 25  3 31  9  6  
3 11  8 21  3 31  9  7  
3 26  4 29  8  3  7 -5  
3 21  5 22  7  7  1 -3  
3 18  9 22  7 26  8 -4  
3 10  0 29  9  1  6 -2  
3 10  0 29  9 15  6  3  
3 13  0 29  9  0  7 -7  
2  9  7 10  2  6  
3 13  9 18  2  9  3 -5  
3 15  1 21  2 31  2 -9  
2  5  7 22  2 -9  2 14  
4 31  5  2  2  6  4 31  8 -6  
2 23  6 27  1  8  
2 11  7 16  0 -4  
2 23  7 27  2  3  
2 22  5 24  3  4  
3 10  9 17  9 19  8  5  
3  4  0 13  6  5  3 -7  
3  4  0 13  6  7  7 -5  
3  4  9 31  8 16  3  4  
2  1  1  4  8  4  
2  7  4 20  0  0  
2 10  5 17  7 -4  
2 12  4 29  4  4  
2 13  0 16  6  4  
2  1  1 31  1  2  
3 13  9 18  2 21  3  6  
3 21  0 27  0 23  3 11  
3 15  1 21  2  2  9 -4  
3  9  7 25  4 24  4 -9  
3 23  6 29  1 10  3 -6  
3  3  2 14  8 21  1 -10  
3 13  4 27  7 25  3 -9  
3  7  7 16  2 11  1 -10  
3  6  0 21  3 28  4 17  
2 13  5 27  2 -6  
2  8  8 30  5 -4  
3 18  8 20  1 28  5 -6  
3  0  8 17  3 25  8  8  
4  4  0 13  6 28  4 26  9 -8  
4  4  0 13  6 28  4 29  6 10  
4 15  1 21  2 26  2 25  6 -10  
4 15  1 21  2 26  2 31  5 -9  
3 23  6 29  1 18  2  7  
3  2  1  6  0  3  1 -6  
3 10  1 17  8 30  3 -8  
3 13  4 27  7 18  7 -4  
3 13  6 23  8 14  5 -3  
3 12  7 25  7 22  5 -7  
4  4  9 31  8  7  8  0  8 -4  
3  5  7 31  4 13  3  5  
4  6  0 21  3 29  5  0  2 12  
4  6  0 21  3 29  5 31  7 11  
4  2  7  6  5  5  3 15  7 -14  
3 22  1 31  7 16  6 -4  
3 27  8 31  6 16  1  9  
4 13  2 30  0 29  9  2  9 -16  
4 14  6 28  8 18  1  8  5  8  
4 14  6 28  8 18  1 11  7 11  
4 14  6 28  8 18  1 27  0 -10  
3  2  4 19  6  4  3 -9  
3 14  6 19  9  0  6  4  
4  1  7  2  4 25  5  7  0 -11  
4 10  1 17  8 29  7  7  0 -11  
3 13  6 23  8 27  5  4  
3  4  9 31  8  2  5  6  
4  5  7 31  4 22  3 17  4 11  
4  5  7 31  4 22  3 23  9 13  
3  5  7 31  4 27  6 -3  
4  2  9 25  8  9  0  3  4 11  
4  3  5 12  6  1  0 19  7 -11  
4  3  5 12  6  4  4 14  9  7  
3  3  5 12  6 21  9 -11  
3 27  8 31  6 22  8 10  
3 13  2 30  0 21  8  8  
3 18  6 24  7 27  2  7  
4  7  9 25  0 11  7  0  5 -15  
4  7  9 25  0 11  7 19  3 -17  
3 25  7 28  4 22  4  7  
3  2  7 23  0  1  6  7  
3  2  7 23  0 10  9  8  
3 11  7 21  8 10  2 -3  
4  2  4 19  6  8  1  5  3 -12  
3 14  7 17  0 29  7 -10  
4 13  4 27  7 15  3 19  2 10  
4  2  9 25  8 13  7  5  8 12  
4  6  0 21  3 16  4  7  2 -7  
3  2  7  6  5 13  6 -6  
4  2  7  6  5 29  3 14  3 -13  
4  2  7  6  5 29  3 15  8 13  
4  1  8 20  3  7  1  5  8  9  
4  1  8 20  3  7  1 22  3 12  
4  1  8 20  3  7  1 31  7 -12  
4  1  8 20  3 31  9 24  8 -14  
4  1  8 20  3 31  9 25  7 12  
4  3  5 12  6 29  8  8  9 12  
4  3  5 12  6 29  8 10  3 13  
4  3  5 12  6 29  8 15  2 14  
4 27  8 31  6 13  3  2  0 -14  
4 18  6 24  7 15  9 27  5 -16  
3 25  7 28  4 16  1 -9  
3  2  7 23  0 28  1  8  
4 11  7 21  8  4  1 19  7 -9  
3  2  4 19  6 27  9  6  
4  2  5 12  2 13  6  3  9 -11  
4  2  5 12  2 13  6  9  3 -11  
4  2  5 12  2 19  8  0  3 13  
4 22  7 30  0 10  7  1  0 12  
4 22  7 30  0 10  7 18  2 18  
4  1  9 17  7 26  1  7  3 19  
4 13  9 30  8 24  6  9  1 -13  
4 13  9 30  8 24  6 18  3 12  
4  8  4 10  7  2  8 26  7 13  
4  8  4 10  7 11  9 17  6 14  
3 23  4 26  9 17  6 10  
3  5  7 17  8 24  1 17  
4  1  7  9  4 29  4 17  0 -14  
4  1  7  9  4 29  4 27  4 14  
4  7  9 21  6 19  3  1  2 -14  
3 13  9 20  8 14  7 -11  
4 17  0 25  7  5  3 15  6 -14  
4 17  0 25  7 15  6  0  1 14  
4 17  0 25  7 15  6 12  0 14  
3 17  0 25  7 22  2  9  
3 17  0 25  7 29  2 13  
3 20  2 21  7  0  3 14  
4 13  0 29  9 18  6  9  3 14  
4 13  0 29  9 18  6 27  9 -14  
3 17  0 27  7 19  2 14  
3 17  0 27  7 24  8 -14  
3 16  0 24  6 28  9 -14  
3  4  9 31  8 23  9  7  
4  2  7  6  5 22  1  3  3 -14  
4  2  7  6  5 22  1 10  6 -14  
4  2  7  6  5 22  1 12  9 -14  
4  2  7  6  5 22  1 16  7 -14  
3 22  1 31  7 23  0 -9  
4  3  5 12  6 21  2  1  5 14  
4  3  5 12  6 21  2  6  3 14  
4  3  5 12  6 21  2  7  0 14  
4  3  5 12  6 21  2  8  5 -14  
4  3  5 12  6 21  2 16  2 -14  
4  3  5 12  6 21  2 17  0 -14  
4  3  5 12  6 21  2 20  2 14  
4  3  5 12  6 21  2 23  7 14  
4 27  8 31  6  0  2  3  1 14  
4 27  8 31  6  0  2  3  9 -14  
4 27  8 31  6  0  2  6  3 14  
4 27  8 31  6  0  2  8  6 -14  
4 27  8 31  6  0  2 10  1 14  
4 27  8 31  6  0  2 16  8 14  
4 27  8 31  6  0  2 18  3 14  
4 27  8 31  6  0  2 19  0 14  
3 27  8 31  6 30  1 -4  
3 18  6 24  7  3  2 -4  
3 18  6 24  7 29  7  8  
3 14  6 28  8 20  6 -10  
3  7  9 25  0  8  2  5  
3 25  7 28  4 17  5 -12  
4  2  7 23  0  6  1  0  2 -14  
4  2  7 23  0  6  1  4  1 14  
4  2  7 23  0  6  1  7  8 14  
4  2  7 23  0  6  1  9  2 -14  
4  2  7 23  0  6  1 12  0 -14  
4  2  7 23  0  6  1 12  7 -14 
