 45000  10  1458 1  1472 1  1487 0  1503 0  1520 1  1538 1  1558 1  1578 1  1599 0  1621 1  2 15 9   16 0   19   0   3
 45001  10  1644 0  1658 1  1675 1  1691 0  1708 0  1726 1  1745 0  1765 1  1786 0  1808 0  2 15 9   17 0   19   0   0
 45002   9  1831 1  1845 0  1861 1  1879 1  1896 0  1914 1  1933 1  1953 1  1974 1  2 15 9   18 0   19   0   0
 45003  10  1996 0  2010 0  2025 1  2042 0  2059 1  2077 1  2096 0  2117 1  2138 1  2160 1  2 15 9   19 0   19  15   1
 45004  10  2183 0  2198 0  2213 1  2229 1  2246 0  2264 1  2283 0  2303 0  2324 1  2346 0  2 15 9   20 0   15  -1   5
 45005   9  2369 1  2383 0  2398 0    14 1    30 1    47 0    66 1    85 0   105 0  2 15 9   21 0   15   1   5
 45006  10   126 1   139 1   153 1   168 1   184 0   207 0   225 1   244 0   264 1   285 0  2 15 9   22 0   17  -3   4
 45007  10   307 0   320 1   334 1   350 0   367 1   384 0   402 0   421 1   441 0   462 1  2 15 9   23 0   16   5   5
 45008   9   484 0   497 0   511 1   526 1   542 0   559 1   577 1   596 0   616 1  2 15 9   24 0   15 -12   3
 45009  10   638 1   652 1   666 1   681 0   697 0   714 1   733 1   752 1   772 1   793 0  2 15 9   25 0   19  -1   3
