1  1  0  136  0  1  0  0  0  0  0
1  2  0  136  0  0  1  0  0  0  0
1  3  0  136  0  0  0  1  0  0  0
1  4  0  136  0  0  0  0  1  0  0
1  5  0  136  0  0  0  0  0  1  0
1  6  0  136  0  0  0  0  0  0  1
2  1  0  75  1  0  0  0  0  0  0
2  2  0  105  1  0  0  0  0  0  0
2  3  0  132  1  0  0  0  0  0  0
2  4  0  142  0  0  0  0  0  0  0
2  5  0  142  0  0  0  0  0  0  0
2  6  0  142  0  0  0  0  0  0  0
51  1  0  7  1  1  0  0  0  0  0
51  2  0  78  0  0  1  0  0  0  0
51  3  0  78  0  0  0  1  0  0  0
51  4  0  78  0  0  0  0  1  0  0
51  5  0  78  0  0  0  0  0  1  0
51  6  0  78  0  0  0  0  0  0  1
52  1  0  29  1  0  0  0  0  0  0
52  2  0  37  1  0  0  0  0  0  0
52  3  0  58  1  0  0  0  0  0  0
52  4  0  82  1  0  0  0  0  0  0
52  5  0  120  1  0  0  0  0  0  0
52  6  0  143  0  0  0  0  0  0  0
53  1  0  127  0  0  0  0  0  0  0
53  2  0  127  0  0  0  0  0  0  0
53  3  0  127  0  0  0  0  0  0  0
53  4  0  127  0  0  0  0  0  0  0
53  5  0  127  0  0  0  0  0  0  0
53  6  0  127  0  0  0  0  0  0  0
54  1  0  133  0  1  0  0  0  0  0
54  2  0  133  0  0  1  0  0  0  0
54  3  0  133  0  0  0  1  0  0  0
54  4  0  133  0  0  0  0  1  0  0
54  5  0  133  0  0  0  0  0  1  0
54  6  0  133  0  0  0  0  0  0  1
55  1  0  133  0  0  0  0  0  0  0
55  2  0  133  0  0  0  0  0  0  0
55  3  0  133  0  0  0  0  0  0  0
55  4  0  133  0  0  0  0  0  0  0
55  5  0  133  0  0  0  0  0  0  0
55  6  0  133  0  0  0  0  0  0  0
56  1  0  134  0  1  0  0  0  0  0
56  2  0  134  0  0  1  0  0  0  0
56  3  0  134  0  0  0  1  0  0  0
56  4  0  134  0  0  0  0  1  0  0
56  5  0  134  0  0  0  0  0  1  0
56  6  0  134  0  0  0  0  0  0  1
57  1  0  10  1  0  0  0  0  0  0
57  2  0  68  1  0  0  0  0  0  0
57  3  0  202  0  0  0  0  0  0  0
57  4  0  202  0  0  0  0  0  0  0
57  5  0  202  0  0  0  0  0  0  0
57  6  0  202  0  0  0  0  0  0  0
58  1  0  67  0  1  0  0  0  0  0
58  2  0  67  0  0  1  0  0  0  0
58  3  0  67  0  0  0  1  0  0  0
58  4  0  67  0  0  0  0  1  0  0
58  5  0  67  0  0  0  0  0  1  0
58  6  0  67  0  0  0  0  0  0  1
59  1  0  165  0  0  0  0  0  0  0
59  2  0  165  0  0  0  0  0  0  0
59  3  0  165  0  0  0  0  0  0  0
59  4  0  165  0  0  0  0  0  0  0
59  5  0  165  0  0  0  0  0  0  0
59  6  0  165  0  0  0  0  0  0  0
60  1  0  134  0  1  0  0  0  0  0
60  2  0  134  0  0  1  0  0  0  0
60  3  0  134  0  0  0  1  0  0  0
60  4  0  134  0  0  0  0  1  0  0
60  5  0  134  0  0  0  0  0  1  0
60  6  0  134  0  0  0  0  0  0  1
61  1  0  157  1  0  0  0  0  0  0
61  2  0  163  0  0  0  0  0  0  0
61  3  0  163  0  0  0  0  0  0  0
61  4  0  163  0  0  0  0  0  0  0
61  5  0  163  0  0  0  0  0  0  0
61  6  0  163  0  0  0  0  0  0  0
62  1  0  8  1  1  0  0  0  0  0
62  2  0  66  0  0  1  0  0  0  0
62  3  0  66  0  0  0  1  0  0  0
62  4  0  66  0  0  0  0  1  0  0
62  5  0  66  0  0  0  0  0  1  0
62  6  0  66  0  0  0  0  0  0  1
63  1  0  134  0  0  0  0  0  0  0
63  2  0  134  0  0  0  0  0  0  0
63  3  0  134  0  0  0  0  0  0  0
63  4  0  134  0  0  0  0  0  0  0
63  5  0  134  0  0  0  0  0  0  0
63  6  0  134  0  0  0  0  0  0  0
64  1  0  145  0  1  0  0  0  0  0
64  2  0  145  0  0  1  0  0  0  0
64  3  0  145  0  0  0  1  0  0  0
64  4  0  145  0  0  0  0  1  0  0
64  5  0  145  0  0  0  0  0  1  0
64  6  0  145  0  0  0  0  0  0  1
65  1  0  161  0  0  0  0  0  0  0
65  2  0  161  0  0  0  0  0  0  0
65  3  0  161  0  0  0  0  0  0  0
65  4  0  161  0  0  0  0  0  0  0
65  5  0  161  0  0  0  0  0  0  0
65  6  0  161  0  0  0  0  0  0  0
66  1  0  9  0  1  0  0  0  0  0
66  2  0  9  0  0  1  0  0  0  0
66  3  0  9  0  0  0  1  0  0  0
66  4  0  9  0  0  0  0  1  0  0
66  5  0  9  0  0  0  0  0  1  0
66  6  0  9  0  0  0  0  0  0  1
67  1  0  32  1  0  0  0  0  0  0
67  2  0  52  1  0  0  0  0  0  0
67  3  0  75  1  0  0  0  0  0  0
67  4  0  125  1  0  0  0  0  0  0
67  5  0  137  0  0  0  0  0  0  0
67  6  0  137  0  0  0  0  0  0  0
68  1  0  127  0  1  0  0  0  0  0
68  2  0  127  0  0  1  0  0  0  0
68  3  0  127  0  0  0  1  0  0  0
68  4  0  127  0  0  0  0  1  0  0
68  5  0  127  0  0  0  0  0  1  0
68  6  0  127  0  0  0  0  0  0  1
69  1  0  66  0  1  0  0  0  0  0
69  2  0  66  0  0  1  0  0  0  0
69  3  0  66  0  0  0  1  0  0  0
69  4  0  66  0  0  0  0  1  0  0
69  5  0  66  0  0  0  0  0  1  0
69  6  0  66  0  0  0  0  0  0  1
70  1  0  60  1  0  0  0  0  0  0
70  2  0  139  0  0  0  0  0  0  0
70  3  0  139  0  0  0  0  0  0  0
70  4  0  139  0  0  0  0  0  0  0
70  5  0  139  0  0  0  0  0  0  0
70  6  0  139  0  0  0  0  0  0  0
71  1  0  139  0  1  0  0  0  0  0
71  2  0  139  0  0  1  0  0  0  0
71  3  0  139  0  0  0  1  0  0  0
71  4  0  139  0  0  0  0  1  0  0
71  5  0  139  0  0  0  0  0  1  0
71  6  0  139  0  0  0  0  0  0  1
72  1  0  58  0  0  0  0  0  0  0
72  2  0  58  0  0  0  0  0  0  0
72  3  0  58  0  0  0  0  0  0  0
72  4  0  58  0  0  0  0  0  0  0
72  5  0  58  0  0  0  0  0  0  0
72  6  0  58  0  0  0  0  0  0  0
73  1  0  137  0  1  0  0  0  0  0
73  2  0  137  0  0  1  0  0  0  0
73  3  0  137  0  0  0  1  0  0  0
73  4  0  137  0  0  0  0  1  0  0
73  5  0  137  0  0  0  0  0  1  0
73  6  0  137  0  0  0  0  0  0  1
101  1  0  12  0  1  0  0  0  0  0
101  2  0  12  0  0  1  0  0  0  0
101  3  0  12  0  0  0  1  0  0  0
101  4  0  12  0  0  0  0  1  0  0
101  5  0  12  0  0  0  0  0  1  0
101  6  0  12  0  0  0  0  0  0  1
103  1  0  127  0  1  0  0  0  0  0
103  2  0  127  0  0  1  0  0  0  0
103  3  0  127  0  0  0  1  0  0  0
103  4  0  127  0  0  0  0  1  0  0
103  5  0  127  0  0  0  0  0  1  0
103  6  0  127  0  0  0  0  0  0  1
104  1  0  1  1  0  0  0  0  0  0
104  2  0  25  1  0  0  0  0  0  0
104  3  0  78  1  0  0  0  0  0  0
104  4  0  125  1  0  0  0  0  0  0
104  5  0  133  0  0  0  0  0  0  0
104  6  0  133  0  0  0  0  0  0  0
105  1  0  15  1  0  0  0  0  0  0
105  2  0  68  1  0  0  0  0  0  0
105  3  0  127  0  0  0  0  0  0  0
105  4  0  127  0  0  0  0  0  0  0
105  5  0  127  0  0  0  0  0  0  0
105  6  0  127  0  0  0  0  0  0  0
106  1  0  15  1  1  0  0  0  0  0
106  2  0  128  1  0  1  0  0  0  0
106  3  0  128  0  0  0  1  0  0  0
106  4  0  128  0  0  0  0  1  0  0
106  5  0  128  0  0  0  0  0  1  0
106  6  0  128  0  0  0  0  0  0  1
107  1  0  127  0  0  0  0  0  0  0
107  2  0  127  0  0  0  0  0  0  0
107  3  0  127  0  0  0  0  0  0  0
107  4  0  127  0  0  0  0  0  0  0
107  5  0  127  0  0  0  0  0  0  0
107  6  0  127  0  0  0  0  0  0  0
108  1  0  53  1  1  0  0  0  0  0
108  2  0  99  1  0  1  0  0  0  0
108  3  0  127  0  0  0  1  0  0  0
108  4  0  127  0  0  0  0  1  0  0
108  5  0  127  0  0  0  0  0  1  0
108  6  0  127  0  0  0  0  0  0  1
109  1  0  134  0  0  0  0  0  0  0
109  2  0  134  0  0  0  0  0  0  0
109  3  0  134  0  0  0  0  0  0  0
109  4  0  134  0  0  0  0  0  0  0
109  5  0  134  0  0  0  0  0  0  0
109  6  0  134  0  0  0  0  0  0  0
110  1  0  34  1  1  0  0  0  0  0
110  2  0  55  1  0  1  0  0  0  0
110  3  0  97  1  0  0  1  0  0  0
110  4  0  149  0  0  0  0  1  0  0
110  5  0  149  0  0  0  0  0  1  0
110  6  0  149  0  0  0  0  0  0  1
111  1  0  72  0  1  0  0  0  0  0
111  2  0  72  0  0  1  0  0  0  0
111  3  0  72  0  0  0  1  0  0  0
111  4  0  72  0  0  0  0  1  0  0
111  5  0  72  0  0  0  0  0  1  0
111  6  0  72  0  0  0  0  0  0  1
151  1  0  129  0  1  0  0  0  0  0
151  2  0  129  0  0  1  0  0  0  0
151  3  0  129  0  0  0  1  0  0  0
151  4  0  129  0  0  0  0  1  0  0
151  5  0  129  0  0  0  0  0  1  0
151  6  0  129  0  0  0  0  0  0  1
152  1  0  63  1  0  0  0  0  0  0
152  2  0  133  0  0  0  0  0  0  0
152  3  0  133  0  0  0  0  0  0  0
152  4  0  133  0  0  0  0  0  0  0
152  5  0  133  0  0  0  0  0  0  0
152  6  0  133  0  0  0  0  0  0  0
153  1  0  9  1  1  0  0  0  0  0
153  2  0  29  1  0  1  0  0  0  0
153  3  0  54  1  0  0  1  0  0  0
153  4  0  64  0  0  0  0  1  0  0
153  5  0  64  0  0  0  0  0  1  0
153  6  0  64  0  0  0  0  0  0  1
154  1  0  5  1  0  0  0  0  0  0
154  2  0  33  1  0  0  0  0  0  0
154  3  0  52  1  0  0  0  0  0  0
154  4  0  105  1  0  0  0  0  0  0
154  5  0  138  0  0  0  0  0  0  0
154  6  0  138  0  0  0  0  0  0  0
155  1  0  33  1  0  0  0  0  0  0
155  2  0  43  0  0  0  0  0  0  0
155  3  0  43  0  0  0  0  0  0  0
155  4  0  43  0  0  0  0  0  0  0
155  5  0  43  0  0  0  0  0  0  0
155  6  0  43  0  0  0  0  0  0  0
156  1  0  128  0  1  0  0  0  0  0
156  2  0  128  0  0  1  0  0  0  0
156  3  0  128  0  0  0  1  0  0  0
156  4  0  128  0  0  0  0  1  0  0
156  5  0  128  0  0  0  0  0  1  0
156  6  0  128  0  0  0  0  0  0  1
157  1  0  54  1  0  0  0  0  0  0
157  2  0  75  1  0  0  0  0  0  0
157  3  0  118  1  0  0  0  0  0  0
157  4  0  127  0  0  0  0  0  0  0
157  5  0  127  0  0  0  0  0  0  0
157  6  0  127  0  0  0  0  0  0  0
158  1  0  36  1  1  0  0  0  0  0
158  2  0  67  1  0  1  0  0  0  0
158  3  0  100  0  0  0  1  0  0  0
158  4  0  100  0  0  0  0  1  0  0
158  5  0  100  0  0  0  0  0  1  0
158  6  0  100  0  0  0  0  0  0  1
159  1  0  129  0  1  0  0  0  0  0
159  2  0  129  0  0  1  0  0  0  0
159  3  0  129  0  0  0  1  0  0  0
159  4  0  129  0  0  0  0  1  0  0
159  5  0  129  0  0  0  0  0  1  0
159  6  0  129  0  0  0  0  0  0  1
160  1  0  10  1  0  0  0  0  0  0
160  2  0  110  1  0  0  0  0  0  0
160  3  0  134  1  0  0  0  0  0  0
160  4  0  142  0  0  0  0  0  0  0
160  5  0  142  0  0  0  0  0  0  0
160  6  0  142  0  0  0  0  0  0  0
161  1  0  128  1  1  0  0  0  0  0
161  2  0  138  0  0  1  0  0  0  0
161  3  0  138  0  0  0  1  0  0  0
161  4  0  138  0  0  0  0  1  0  0
161  5  0  138  0  0  0  0  0  1  0
161  6  0  138  0  0  0  0  0  0  1
162  1  0  128  0  0  0  0  0  0  0
162  2  0  128  0  0  0  0  0  0  0
162  3  0  128  0  0  0  0  0  0  0
162  4  0  128  0  0  0  0  0  0  0
162  5  0  128  0  0  0  0  0  0  0
162  6  0  128  0  0  0  0  0  0  0
163  1  0  11  1  1  0  0  0  0  0
163  2  0  144  0  0  1  0  0  0  0
163  3  0  144  0  0  0  1  0  0  0
163  4  0  144  0  0  0  0  1  0  0
163  5  0  144  0  0  0  0  0  1  0
163  6  0  144  0  0  0  0  0  0  1
164  1  0  20  1  0  0  0  0  0  0
164  2  0  45  1  0  0  0  0  0  0
164  3  0  70  1  0  0  0  0  0  0
164  4  0  81  0  0  0  0  0  0  0
164  5  0  81  0  0  0  0  0  0  0
164  6  0  81  0  0  0  0  0  0  0
165  1  0  127  0  1  0  0  0  0  0
165  2  0  127  0  0  1  0  0  0  0
165  3  0  127  0  0  0  1  0  0  0
165  4  0  127  0  0  0  0  1  0  0
165  5  0  127  0  0  0  0  0  1  0
165  6  0  127  0  0  0  0  0  0  1
166  1  0  127  0  0  0  0  0  0  0
166  2  0  127  0  0  0  0  0  0  0
166  3  0  127  0  0  0  0  0  0  0
166  4  0  127  0  0  0  0  0  0  0
166  5  0  127  0  0  0  0  0  0  0
166  6  0  127  0  0  0  0  0  0  0
167  1  0  6  1  1  0  0  0  0  0
167  2  0  42  1  0  1  0  0  0  0
167  3  0  124  0  0  0  1  0  0  0
167  4  0  124  0  0  0  0  1  0  0
167  5  0  124  0  0  0  0  0  1  0
167  6  0  124  0  0  0  0  0  0  1
168  1  0  128  0  0  0  0  0  0  0
168  2  0  128  0  0  0  0  0  0  0
168  3  0  128  0  0  0  0  0  0  0
168  4  0  128  0  0  0  0  0  0  0
168  5  0  128  0  0  0  0  0  0  0
168  6  0  128  0  0  0  0  0  0  0
169  1  0  127  0  1  0  0  0  0  0
169  2  0  127  0  0  1  0  0  0  0
169  3  0  127  0  0  0  1  0  0  0
169  4  0  127  0  0  0  0  1  0  0
169  5  0  127  0  0  0  0  0  1  0
169  6  0  127  0  0  0  0  0  0  1
201  1  0  129  0  1  0  0  0  0  0
201  2  0  129  0  0  1  0  0  0  0
201  3  0  129  0  0  0  1  0  0  0
201  4  0  129  0  0  0  0  1  0  0
201  5  0  129  0  0  0  0  0  1  0
201  6  0  129  0  0  0  0  0  0  1
202  1  0  155  0  0  0  0  0  0  0
202  2  0  155  0  0  0  0  0  0  0
202  3  0  155  0  0  0  0  0  0  0
202  4  0  155  0  0  0  0  0  0  0
202  5  0  155  0  0  0  0  0  0  0
202  6  0  155  0  0  0  0  0  0  0
203  1  0  80  0  1  0  0  0  0  0
203  2  0  80  0  0  1  0  0  0  0
203  3  0  80  0  0  0  1  0  0  0
203  4  0  80  0  0  0  0  1  0  0
203  5  0  80  0  0  0  0  0  1  0
203  6  0  80  0  0  0  0  0  0  1
204  1  0  86  0  0  0  0  0  0  0
204  2  0  86  0  0  0  0  0  0  0
204  3  0  86  0  0  0  0  0  0  0
204  4  0  86  0  0  0  0  0  0  0
204  5  0  86  0  0  0  0  0  0  0
204  6  0  86  0  0  0  0  0  0  0
205  1  0  31  0  1  0  0  0  0  0
205  2  0  31  0  0  1  0  0  0  0
205  3  0  31  0  0  0  1  0  0  0
205  4  0  31  0  0  0  0  1  0  0
205  5  0  31  0  0  0  0  0  1  0
205  6  0  31  0  0  0  0  0  0  1
251  1  0  134  0  0  0  0  0  0  0
251  2  0  134  0  0  0  0  0  0  0
251  3  0  134  0  0  0  0  0  0  0
251  4  0  134  0  0  0  0  0  0  0
251  5  0  134  0  0  0  0  0  0  0
251  6  0  134  0  0  0  0  0  0  0
252  1  0  193  0  1  0  0  0  0  0
252  2  0  193  0  0  1  0  0  0  0
252  3  0  193  0  0  0  1  0  0  0
252  4  0  193  0  0  0  0  1  0  0
252  5  0  193  0  0  0  0  0  1  0
252  6  0  193  0  0  0  0  0  0  1
253  1  0  135  0  1  0  0  0  0  0
253  2  0  135  0  0  1  0  0  0  0
253  3  0  135  0  0  0  1  0  0  0
253  4  0  135  0  0  0  0  1  0  0
253  5  0  135  0  0  0  0  0  1  0
253  6  0  135  0  0  0  0  0  0  1
255  1  0  142  0  0  0  0  0  0  0
255  2  0  142  0  0  0  0  0  0  0
255  3  0  142  0  0  0  0  0  0  0
255  4  0  142  0  0  0  0  0  0  0
255  5  0  142  0  0  0  0  0  0  0
255  6  0  142  0  0  0  0  0  0  0
301  1  0  162  0  0  0  0  0  0  0
301  2  0  162  0  0  0  0  0  0  0
301  3  0  162  0  0  0  0  0  0  0
301  4  0  162  0  0  0  0  0  0  0
301  5  0  162  0  0  0  0  0  0  0
301  6  0  162  0  0  0  0  0  0  0
302  1  0  123  0  1  0  0  0  0  0
302  2  0  123  0  0  1  0  0  0  0
302  3  0  123  0  0  0  1  0  0  0
302  4  0  123  0  0  0  0  1  0  0
302  5  0  123  0  0  0  0  0  1  0
302  6  0  123  0  0  0  0  0  0  1
303  1  0  143  0  1  0  0  0  0  0
303  2  0  143  0  0  1  0  0  0  0
303  3  0  143  0  0  0  1  0  0  0
303  4  0  143  0  0  0  0  1  0  0
303  5  0  143  0  0  0  0  0  1  0
303  6  0  143  0  0  0  0  0  0  1
304  1  0  147  0  0  0  0  0  0  0
304  2  0  147  0  0  0  0  0  0  0
304  3  0  147  0  0  0  0  0  0  0
304  4  0  147  0  0  0  0  0  0  0
304  5  0  147  0  0  0  0  0  0  0
304  6  0  147  0  0  0  0  0  0  0
305  1  0  124  1  1  0  0  0  0  0
305  2  0  173  0  0  1  0  0  0  0
305  3  0  173  0  0  0  1  0  0  0
305  4  0  173  0  0  0  0  1  0  0
305  5  0  173  0  0  0  0  0  1  0
305  6  0  173  0  0  0  0  0  0  1
306  1  0  100  1  0  0  0  0  0  0
306  2  0  133  0  0  0  0  0  0  0
306  3  0  133  0  0  0  0  0  0  0
306  4  0  133  0  0  0  0  0  0  0
306  5  0  133  0  0  0  0  0  0  0
306  6  0  133  0  0  0  0  0  0  0
307  1  0  127  0  1  0  0  0  0  0
307  2  0  127  0  0  1  0  0  0  0
307  3  0  127  0  0  0  1  0  0  0
307  4  0  127  0  0  0  0  1  0  0
307  5  0  127  0  0  0  0  0  1  0
307  6  0  127  0  0  0  0  0  0  1
351  1  0  12  1  0  0  0  0  0  0
351  2  0  160  0  0  0  0  0  0  0
351  3  0  160  0  0  0  0  0  0  0
351  4  0  160  0  0  0  0  0  0  0
351  5  0  160  0  0  0  0  0  0  0
351  6  0  160  0  0  0  0  0  0  0
352  1  0  59  1  1  0  0  0  0  0
352  2  0  181  0  0  1  0  0  0  0
352  3  0  181  0  0  0  1  0  0  0
352  4  0  181  0  0  0  0  1  0  0
352  5  0  181  0  0  0  0  0  1  0
352  6  0  181  0  0  0  0  0  0  1
353  1  0  143  0  1  0  0  0  0  0
353  2  0  143  0  0  1  0  0  0  0
353  3  0  143  0  0  0  1  0  0  0
353  4  0  143  0  0  0  0  1  0  0
353  5  0  143  0  0  0  0  0  1  0
353  6  0  143  0  0  0  0  0  0  1
354  1  0  192  0  0  0  0  0  0  0
354  2  0  192  0  0  0  0  0  0  0
354  3  0  192  0  0  0  0  0  0  0
354  4  0  192  0  0  0  0  0  0  0
354  5  0  192  0  0  0  0  0  0  0
354  6  0  192  0  0  0  0  0  0  0
355  1  0  166  0  0  0  0  0  0  0
355  2  0  166  0  0  0  0  0  0  0
355  3  0  166  0  0  0  0  0  0  0
355  4  0  166  0  0  0  0  0  0  0
355  5  0  166  0  0  0  0  0  0  0
355  6  0  166  0  0  0  0  0  0  0
356  1  0  127  0  1  0  0  0  0  0
356  2  0  127  0  0  1  0  0  0  0
356  3  0  127  0  0  0  1  0  0  0
356  4  0  127  0  0  0  0  1  0  0
356  5  0  127  0  0  0  0  0  1  0
356  6  0  127  0  0  0  0  0  0  1
358  1  0  72  0  1  0  0  0  0  0
358  2  0  72  0  0  1  0  0  0  0
358  3  0  72  0  0  0  1  0  0  0
358  4  0  72  0  0  0  0  1  0  0
358  5  0  72  0  0  0  0  0  1  0
358  6  0  72  0  0  0  0  0  0  1
359  1  0  127  0  1  0  0  0  0  0
359  2  0  127  0  0  1  0  0  0  0
359  3  0  127  0  0  0  1  0  0  0
359  4  0  127  0  0  0  0  1  0  0
359  5  0  127  0  0  0  0  0  1  0
359  6  0  127  0  0  0  0  0  0  1
360  1  0  128  0  0  0  0  0  0  0
360  2  0  128  0  0  0  0  0  0  0
360  3  0  128  0  0  0  0  0  0  0
360  4  0  128  0  0  0  0  0  0  0
360  5  0  128  0  0  0  0  0  0  0
360  6  0  128  0  0  0  0  0  0  0
361  1  0  141  0  1  0  0  0  0  0
361  2  0  141  0  0  1  0  0  0  0
361  3  0  141  0  0  0  1  0  0  0
361  4  0  141  0  0  0  0  1  0  0
361  5  0  141  0  0  0  0  0  1  0
361  6  0  141  0  0  0  0  0  0  1
362  1  0  127  0  0  0  0  0  0  0
362  2  0  127  0  0  0  0  0  0  0
362  3  0  127  0  0  0  0  0  0  0
362  4  0  127  0  0  0  0  0  0  0
362  5  0  127  0  0  0  0  0  0  0
362  6  0  127  0  0  0  0  0  0  0
401  1  0  30  1  1  0  0  0  0  0
401  2  0  50  1  0  1  0  0  0  0
401  3  0  82  0  0  0  1  0  0  0
401  4  0  82  0  0  0  0  1  0  0
401  5  0  82  0  0  0  0  0  1  0
401  6  0  82  0  0  0  0  0  0  1
402  1  0  137  0  0  0  0  0  0  0
402  2  0  137  0  0  0  0  0  0  0
402  3  0  137  0  0  0  0  0  0  0
402  4  0  137  0  0  0  0  0  0  0
402  5  0  137  0  0  0  0  0  0  0
402  6  0  137  0  0  0  0  0  0  0
403  1  0  71  0  0  0  0  0  0  0
403  2  0  71  0  0  0  0  0  0  0
403  3  0  71  0  0  0  0  0  0  0
403  4  0  71  0  0  0  0  0  0  0
403  5  0  71  0  0  0  0  0  0  0
403  6  0  71  0  0  0  0  0  0  0
451  1  0  13  1  0  0  0  0  0  0
451  2  0  24  0  0  0  0  0  0  0
451  3  0  24  0  0  0  0  0  0  0
451  4  0  24  0  0  0  0  0  0  0
451  5  0  24  0  0  0  0  0  0  0
451  6  0  24  0  0  0  0  0  0  0
452  1  0  127  0  1  0  0  0  0  0
452  2  0  127  0  0  1  0  0  0  0
452  3  0  127  0  0  0  1  0  0  0
452  4  0  127  0  0  0  0  1  0  0
452  5  0  127  0  0  0  0  0  1  0
452  6  0  127  0  0  0  0  0  0  1
453  1  0  10  0  1  0  0  0  0  0
453  2  0  10  0  0  1  0  0  0  0
453  3  0  10  0  0  0  1  0  0  0
453  4  0  10  0  0  0  0  1  0  0
453  5  0  10  0  0  0  0  0  1  0
453  6  0  10  0  0  0  0  0  0  1
501  1  0  121  0  1  0  0  0  0  0
501  2  0  121  0  0  1  0  0  0  0
501  3  0  121  0  0  0  1  0  0  0
501  4  0  121  0  0  0  0  1  0  0
501  5  0  121  0  0  0  0  0  1  0
501  6  0  121  0  0  0  0  0  0  1
502  1  0  127  0  0  0  0  0  0  0
502  2  0  127  0  0  0  0  0  0  0
502  3  0  127  0  0  0  0  0  0  0
502  4  0  127  0  0  0  0  0  0  0
502  5  0  127  0  0  0  0  0  0  0
502  6  0  127  0  0  0  0  0  0  0
503  1  0  63  0  0  0  0  0  0  0
503  2  0  63  0  0  0  0  0  0  0
503  3  0  63  0  0  0  0  0  0  0
503  4  0  63  0  0  0  0  0  0  0
503  5  0  63  0  0  0  0  0  0  0
503  6  0  63  0  0  0  0  0  0  0
504  1  0  114  0  1  0  0  0  0  0
504  2  0  114  0  0  1  0  0  0  0
504  3  0  114  0  0  0  1  0  0  0
504  4  0  114  0  0  0  0  1  0  0
504  5  0  114  0  0  0  0  0  1  0
504  6  0  114  0  0  0  0  0  0  1
506  1  0  93  0  0  0  0  0  0  0
506  2  0  93  0  0  0  0  0  0  0
506  3  0  93  0  0  0  0  0  0  0
506  4  0  93  0  0  0  0  0  0  0
506  5  0  93  0  0  0  0  0  0  0
506  6  0  93  0  0  0  0  0  0  0
507  1  0  126  0  1  0  0  0  0  0
507  2  0  126  0  0  1  0  0  0  0
507  3  0  126  0  0  0  1  0  0  0
507  4  0  126  0  0  0  0  1  0  0
507  5  0  126  0  0  0  0  0  1  0
507  6  0  126  0  0  0  0  0  0  1
508  1  0  71  1  0  0  0  0  0  0
508  2  0  110  1  0  0  0  0  0  0
508  3  0  127  0  0  0  0  0  0  0
508  4  0  127  0  0  0  0  0  0  0
508  5  0  127  0  0  0  0  0  0  0
508  6  0  127  0  0  0  0  0  0  0
551  1  0  79  1  0  0  0  0  0  0
551  2  0  122  1  0  0  0  0  0  0
551  3  0  136  0  0  0  0  0  0  0
551  4  0  136  0  0  0  0  0  0  0
551  5  0  136  0  0  0  0  0  0  0
551  6  0  136  0  0  0  0  0  0  0
552  1  0  11  0  1  0  0  0  0  0
552  2  0  11  0  0  1  0  0  0  0
552  3  0  11  0  0  0  1  0  0  0
552  4  0  11  0  0  0  0  1  0  0
552  5  0  11  0  0  0  0  0  1  0
552  6  0  11  0  0  0  0  0  0  1
553  1  0  127  0  0  0  0  0  0  0
553  2  0  127  0  0  0  0  0  0  0
553  3  0  127  0  0  0  0  0  0  0
553  4  0  127  0  0  0  0  0  0  0
553  5  0  127  0  0  0  0  0  0  0
553  6  0  127  0  0  0  0  0  0  0
554  1  0  22  0  1  0  0  0  0  0
554  2  0  22  0  0  1  0  0  0  0
554  3  0  22  0  0  0  1  0  0  0
554  4  0  22  0  0  0  0  1  0  0
554  5  0  22  0  0  0  0  0  1  0
554  6  0  22  0  0  0  0  0  0  1
555  1  0  156  0  0  0  0  0  0  0
555  2  0  156  0  0  0  0  0  0  0
555  3  0  156  0  0  0  0  0  0  0
555  4  0  156  0  0  0  0  0  0  0
555  5  0  156  0  0  0  0  0  0  0
555  6  0  156  0  0  0  0  0  0  0
701  1  0  81  1  0  0  0  0  0  0
701  2  0  132  0  0  0  0  0  0  0
701  3  0  132  0  0  0  0  0  0  0
701  4  0  132  0  0  0  0  0  0  0
701  5  0  132  0  0  0  0  0  0  0
701  6  0  132  0  0  0  0  0  0  0
751  1  0  79  1  0  0  0  0  0  0
751  2  0  108  1  0  0  0  0  0  0
751  3  0  133  0  0  0  0  0  0  0
751  4  0  133  0  0  0  0  0  0  0
751  5  0  133  0  0  0  0  0  0  0
751  6  0  133  0  0  0  0  0  0  0
752  1  0  12  1  1  0  0  0  0  0
752  2  0  59  1  0  1  0  0  0  0
752  3  0  74  0  0  0  1  0  0  0
752  4  0  74  0  0  0  0  1  0  0
752  5  0  74  0  0  0  0  0  1  0
752  6  0  74  0  0  0  0  0  0  1
753  1  0  16  1  1  0  0  0  0  0
753  2  0  65  0  0  1  0  0  0  0
753  3  0  65  0  0  0  1  0  0  0
753  4  0  65  0  0  0  0  1  0  0
753  5  0  65  0  0  0  0  0  1  0
753  6  0  65  0  0  0  0  0  0  1
754  1  0  127  0  0  0  0  0  0  0
754  2  0  127  0  0  0  0  0  0  0
754  3  0  127  0  0  0  0  0  0  0
754  4  0  127  0  0  0  0  0  0  0
754  5  0  127  0  0  0  0  0  0  0
754  6  0  127  0  0  0  0  0  0  0
756  1  0  134  0  1  0  0  0  0  0
756  2  0  134  0  0  1  0  0  0  0
756  3  0  134  0  0  0  1  0  0  0
756  4  0  134  0  0  0  0  1  0  0
756  5  0  134  0  0  0  0  0  1  0
756  6  0  134  0  0  0  0  0  0  1
759  1  0  72  1  0  0  0  0  0  0
759  2  0  93  1  0  0  0  0  0  0
759  3  0  116  1  0  0  0  0  0  0
759  4  0  123  1  0  0  0  0  0  0
759  5  0  128  0  0  0  0  0  0  0
759  6  0  128  0  0  0  0  0  0  0
760  1  0  128  0  1  0  0  0  0  0
760  2  0  128  0  0  1  0  0  0  0
760  3  0  128  0  0  0  1  0  0  0
760  4  0  128  0  0  0  0  1  0  0
760  5  0  128  0  0  0  0  0  1  0
760  6  0  128  0  0  0  0  0  0  1
802  1  0  57  1  0  0  0  0  0  0
802  2  0  127  0  0  0  0  0  0  0
802  3  0  127  0  0  0  0  0  0  0
802  4  0  127  0  0  0  0  0  0  0
802  5  0  127  0  0  0  0  0  0  0
802  6  0  127  0  0  0  0  0  0  0
803  1  0  26  1  0  0  0  0  0  0
803  2  0  52  1  0  0  0  0  0  0
803  3  0  90  1  0  0  0  0  0  0
803  4  0  108  1  0  0  0  0  0  0
803  5  0  136  1  0  0  0  0  0  0
803  6  0  150  0  0  0  0  0  0  0
804  1  0  128  0  1  0  0  0  0  0
804  2  0  128  0  0  1  0  0  0  0
804  3  0  128  0  0  0  1  0  0  0
804  4  0  128  0  0  0  0  1  0  0
804  5  0  128  0  0  0  0  0  1  0
804  6  0  128  0  0  0  0  0  0  1
851  1  0  9  1  0  0  0  0  0  0
851  2  0  28  0  0  0  0  0  0  0
851  3  0  28  0  0  0  0  0  0  0
851  4  0  28  0  0  0  0  0  0  0
851  5  0  28  0  0  0  0  0  0  0
851  6  0  28  0  0  0  0  0  0  0
852  1  0  131  0  1  0  0  0  0  0
852  2  0  131  0  0  1  0  0  0  0
852  3  0  131  0  0  0  1  0  0  0
852  4  0  131  0  0  0  0  1  0  0
852  5  0  131  0  0  0  0  0  1  0
852  6  0  131  0  0  0  0  0  0  1
853  1  0  10  1  1  0  0  0  0  0
853  2  0  35  1  0  1  0  0  0  0
853  3  0  61  1  0  0  1  0  0  0
853  4  0  127  1  0  0  0  1  0  0
853  5  0  148  0  0  0  0  0  1  0
853  6  0  148  0  0  0  0  0  0  1
854  1  0  11  1  0  0  0  0  0  0
854  2  0  29  1  0  0  0  0  0  0
854  3  0  52  1  0  0  0  0  0  0
854  4  0  100  1  0  0  0  0  0  0
854  5  0  121  1  0  0  0  0  0  0
854  6  0  140  0  0  0  0  0  0  0
855  1  0  57  1  1  0  0  0  0  0
855  2  0  101  0  0  1  0  0  0  0
855  3  0  101  0  0  0  1  0  0  0
855  4  0  101  0  0  0  0  1  0  0
855  5  0  101  0  0  0  0  0  1  0
855  6  0  101  0  0  0  0  0  0  1
856  1  0  63  1  0  0  0  0  0  0
856  2  0  169  0  0  0  0  0  0  0
856  3  0  169  0  0  0  0  0  0  0
856  4  0  169  0  0  0  0  0  0  0
856  5  0  169  0  0  0  0  0  0  0
856  6  0  169  0  0  0  0  0  0  0
901  1  0  145  0  1  0  0  0  0  0
901  2  0  145  0  0  1  0  0  0  0
901  3  0  145  0  0  0  1  0  0  0
901  4  0  145  0  0  0  0  1  0  0
901  5  0  145  0  0  0  0  0  1  0
901  6  0  145  0  0  0  0  0  0  1
951  1  0  98  0  1  0  0  0  0  0
951  2  0  98  0  0  1  0  0  0  0
951  3  0  98  0  0  0  1  0  0  0
951  4  0  98  0  0  0  0  1  0  0
951  5  0  98  0  0  0  0  0  1  0
951  6  0  98  0  0  0  0  0  0  1
952  1  0  136  0  0  0  0  0  0  0
952  2  0  136  0  0  0  0  0  0  0
952  3  0  136  0  0  0  0  0  0  0
952  4  0  136  0  0  0  0  0  0  0
952  5  0  136  0  0  0  0  0  0  0
952  6  0  136  0  0  0  0  0  0  0
953  1  0  128  1  1  0  0  0  0  0
953  2  0  156  0  0  1  0  0  0  0
953  3  0  156  0  0  0  1  0  0  0
953  4  0  156  0  0  0  0  1  0  0
953  5  0  156  0  0  0  0  0  1  0
953  6  0  156  0  0  0  0  0  0  1
954  1  0  139  0  0  0  0  0  0  0
954  2  0  139  0  0  0  0  0  0  0
954  3  0  139  0  0  0  0  0  0  0
954  4  0  139  0  0  0  0  0  0  0
954  5  0  139  0  0  0  0  0  0  0
954  6  0  139  0  0  0  0  0  0  0
955  1  0  105  0  0  0  0  0  0  0
955  2  0  105  0  0  0  0  0  0  0
955  3  0  105  0  0  0  0  0  0  0
955  4  0  105  0  0  0  0  0  0  0
955  5  0  105  0  0  0  0  0  0  0
955  6  0  105  0  0  0  0  0  0  0
956  1  0  148  0  1  0  0  0  0  0
956  2  0  148  0  0  1  0  0  0  0
956  3  0  148  0  0  0  1  0  0  0
956  4  0  148  0  0  0  0  1  0  0
956  5  0  148  0  0  0  0  0  1  0
956  6  0  148  0  0  0  0  0  0  1
958  1  0  30  1  1  0  0  0  0  0
958  2  0  48  0  0  1  0  0  0  0
958  3  0  48  0  0  0  1  0  0  0
958  4  0  48  0  0  0  0  1  0  0
958  5  0  48  0  0  0  0  0  1  0
958  6  0  48  0  0  0  0  0  0  1
959  1  0  128  0  0  0  0  0  0  0
959  2  0  128  0  0  0  0  0  0  0
959  3  0  128  0  0  0  0  0  0  0
959  4  0  128  0  0  0  0  0  0  0
959  5  0  128  0  0  0  0  0  0  0
959  6  0  128  0  0  0  0  0  0  0
960  1  0  127  0  1  0  0  0  0  0
960  2  0  127  0  0  1  0  0  0  0
960  3  0  127  0  0  0  1  0  0  0
960  4  0  127  0  0  0  0  1  0  0
960  5  0  127  0  0  0  0  0  1  0
960  6  0  127  0  0  0  0  0  0  1
962  1  0  23  0  0  0  0  0  0  0
962  2  0  23  0  0  0  0  0  0  0
962  3  0  23  0  0  0  0  0  0  0
962  4  0  23  0  0  0  0  0  0  0
962  5  0  23  0  0  0  0  0  0  0
962  6  0  23  0  0  0  0  0  0  0
1001  1  0  74  1  1  0  0  0  0  0
1001  2  0  96  1  0  1  0  0  0  0
1001  3  0  117  1  0  0  1  0  0  0
1001  4  0  128  0  0  0  0  1  0  0
1001  5  0  128  0  0  0  0  0  1  0
1001  6  0  128  0  0  0  0  0  0  1
1002  1  0  12  1  0  0  0  0  0  0
1002  2  0  33  1  0  0  0  0  0  0
1002  3  0  58  1  0  0  0  0  0  0
1002  4  0  75  1  0  0  0  0  0  0
1002  5  0  96  1  0  0  0  0  0  0
1002  6  0  123  1  0  0  0  0  0  0
1003  1  0  115  0  1  0  0  0  0  0
1003  2  0  115  0  0  1  0  0  0  0
1003  3  0  115  0  0  0  1  0  0  0
1003  4  0  115  0  0  0  0  1  0  0
1003  5  0  115  0  0  0  0  0  1  0
1003  6  0  115  0  0  0  0  0  0  1
1004  1  0  134  0  0  0  0  0  0  0
1004  2  0  134  0  0  0  0  0  0  0
1004  3  0  134  0  0  0  0  0  0  0
1004  4  0  134  0  0  0  0  0  0  0
1004  5  0  134  0  0  0  0  0  0  0
1004  6  0  134  0  0  0  0  0  0  0
1051  1  0  16  0  0  0  0  0  0  0
1051  2  0  16  0  0  0  0  0  0  0
1051  3  0  16  0  0  0  0  0  0  0
1051  4  0  16  0  0  0  0  0  0  0
1051  5  0  16  0  0  0  0  0  0  0
1051  6  0  16  0  0  0  0  0  0  0
1052  1  0  34  1  1  0  0  0  0  0
1052  2  0  55  1  0  1  0  0  0  0
1052  3  0  77  1  0  0  1  0  0  0
1052  4  0  98  1  0  0  0  1  0  0
1052  5  0  117  1  0  0  0  0  1  0
1052  6  0  128  0  0  0  0  0  0  1
1053  1  0  55  0  1  0  0  0  0  0
1053  2  0  55  0  0  1  0  0  0  0
1053  3  0  55  0  0  0  1  0  0  0
1053  4  0  55  0  0  0  0  1  0  0
1053  5  0  55  0  0  0  0  0  1  0
1053  6  0  55  0  0  0  0  0  0  1
1054  1  0  10  1  0  0  0  0  0  0
1054  2  0  31  1  0  0  0  0  0  0
1054  3  0  52  1  0  0  0  0  0  0
1054  4  0  53  1  0  0  0  0  0  0
1054  5  0  94  1  0  0  0  0  0  0
1054  6  0  121  1  0  0  0  0  0  0
1056  1  0  127  0  0  0  0  0  0  0
1056  2  0  127  0  0  0  0  0  0  0
1056  3  0  127  0  0  0  0  0  0  0
1056  4  0  127  0  0  0  0  0  0  0
1056  5  0  127  0  0  0  0  0  0  0
1056  6  0  127  0  0  0  0  0  0  0
1057  1  0  19  0  0  0  0  0  0  0
1057  2  0  19  0  0  0  0  0  0  0
1057  3  0  19  0  0  0  0  0  0  0
1057  4  0  19  0  0  0  0  0  0  0
1057  5  0  19  0  0  0  0  0  0  0
1057  6  0  19  0  0  0  0  0  0  0
1058  1  0  12  1  1  0  0  0  0  0
1058  2  0  127  0  0  1  0  0  0  0
1058  3  0  127  0  0  0  1  0  0  0
1058  4  0  127  0  0  0  0  1  0  0
1058  5  0  127  0  0  0  0  0  1  0
1058  6  0  127  0  0  0  0  0  0  1
1059  1  0  127  0  0  0  0  0  0  0
1059  2  0  127  0  0  0  0  0  0  0
1059  3  0  127  0  0  0  0  0  0  0
1059  4  0  127  0  0  0  0  0  0  0
1059  5  0  127  0  0  0  0  0  0  0
1059  6  0  127  0  0  0  0  0  0  0
1060  1  0  8  1  1  0  0  0  0  0
1060  2  0  76  0  0  1  0  0  0  0
1060  3  0  76  0  0  0  1  0  0  0
1060  4  0  76  0  0  0  0  1  0  0
1060  5  0  76  0  0  0  0  0  1  0
1060  6  0  76  0  0  0  0  0  0  1
1061  1  0  144  0  0  0  0  0  0  0
1061  2  0  144  0  0  0  0  0  0  0
1061  3  0  144  0  0  0  0  0  0  0
1061  4  0  144  0  0  0  0  0  0  0
1061  5  0  144  0  0  0  0  0  0  0
1061  6  0  144  0  0  0  0  0  0  0
1153  1  0  114  0  1  0  0  0  0  0
1153  2  0  114  0  0  1  0  0  0  0
1153  3  0  114  0  0  0  1  0  0  0
1153  4  0  114  0  0  0  0  1  0  0
1153  5  0  114  0  0  0  0  0  1  0
1153  6  0  114  0  0  0  0  0  0  1
1201  1  0  62  1  0  0  0  0  0  0
1201  2  0  95  1  0  0  0  0  0  0
1201  3  0  107  0  0  0  0  0  0  0
1201  4  0  107  0  0  0  0  0  0  0
1201  5  0  107  0  0  0  0  0  0  0
1201  6  0  107  0  0  0  0  0  0  0
1202  1  0  127  0  1  0  0  0  0  0
1202  2  0  127  0  0  1  0  0  0  0
1202  3  0  127  0  0  0  1  0  0  0
1202  4  0  127  0  0  0  0  1  0  0
1202  5  0  127  0  0  0  0  0  1  0
1202  6  0  127  0  0  0  0  0  0  1
1251  1  0  130  0  0  0  0  0  0  0
1251  2  0  130  0  0  0  0  0  0  0
1251  3  0  130  0  0  0  0  0  0  0
1251  4  0  130  0  0  0  0  0  0  0
1251  5  0  130  0  0  0  0  0  0  0
1251  6  0  130  0  0  0  0  0  0  0
1252  1  0  95  1  1  0  0  0  0  0
1252  2  0  127  0  0  1  0  0  0  0
1252  3  0  127  0  0  0  1  0  0  0
1252  4  0  127  0  0  0  0  1  0  0
1252  5  0  127  0  0  0  0  0  1  0
1252  6  0  127  0  0  0  0  0  0  1
1253  1  0  12  1  1  0  0  0  0  0
1253  2  0  65  1  0  1  0  0  0  0
1253  3  0  167  0  0  0  1  0  0  0
1253  4  0  167  0  0  0  0  1  0  0
1253  5  0  167  0  0  0  0  0  1  0
1253  6  0  167  0  0  0  0  0  0  1
1254  1  0  118  1  0  0  0  0  0  0
1254  2  0  127  0  0  0  0  0  0  0
1254  3  0  127  0  0  0  0  0  0  0
1254  4  0  127  0  0  0  0  0  0  0
1254  5  0  127  0  0  0  0  0  0  0
1254  6  0  127  0  0  0  0  0  0  0
1351  1  0  9  0  1  0  0  0  0  0
1351  2  0  9  0  0  1  0  0  0  0
1351  3  0  9  0  0  0  1  0  0  0
1351  4  0  9  0  0  0  0  1  0  0
1351  5  0  9  0  0  0  0  0  1  0
1351  6  0  9  0  0  0  0  0  0  1
1451  1  0  10  1  0  0  0  0  0  0
1451  2  0  41  0  0  0  0  0  0  0
1451  3  0  41  0  0  0  0  0  0  0
1451  4  0  41  0  0  0  0  0  0  0
1451  5  0  41  0  0  0  0  0  0  0
1451  6  0  41  0  0  0  0  0  0  0
1501  1  0  10  1  0  0  0  0  0  0
1501  2  0  92  1  0  0  0  0  0  0
1501  3  0  150  0  0  0  0  0  0  0
1501  4  0  150  0  0  0  0  0  0  0
1501  5  0  150  0  0  0  0  0  0  0
1501  6  0  150  0  0  0  0  0  0  0
1551  1  0  120  1  0  0  0  0  0  0
1551  2  0  121  0  0  0  0  0  0  0
1551  3  0  121  0  0  0  0  0  0  0
1551  4  0  121  0  0  0  0  0  0  0
1551  5  0  121  0  0  0  0  0  0  0
1551  6  0  121  0  0  0  0  0  0  0
1552  1  0  31  0  1  0  0  0  0  0
1552  2  0  31  0  0  1  0  0  0  0
1552  3  0  31  0  0  0  1  0  0  0
1552  4  0  31  0  0  0  0  1  0  0
1552  5  0  31  0  0  0  0  0  1  0
1552  6  0  31  0  0  0  0  0  0  1
1553  1  0  100  0  0  0  0  0  0  0
1553  2  0  100  0  0  0  0  0  0  0
1553  3  0  100  0  0  0  0  0  0  0
1553  4  0  100  0  0  0  0  0  0  0
1553  5  0  100  0  0  0  0  0  0  0
1553  6  0  100  0  0  0  0  0  0  0
1554  1  0  117  1  1  0  0  0  0  0
1554  2  0  151  0  0  1  0  0  0  0
1554  3  0  151  0  0  0  1  0  0  0
1554  4  0  151  0  0  0  0  1  0  0
1554  5  0  151  0  0  0  0  0  1  0
1554  6  0  151  0  0  0  0  0  0  1
1555  1  0  113  0  0  0  0  0  0  0
1555  2  0  113  0  0  0  0  0  0  0
1555  3  0  113  0  0  0  0  0  0  0
1555  4  0  113  0  0  0  0  0  0  0
1555  5  0  113  0  0  0  0  0  0  0
1555  6  0  113  0  0  0  0  0  0  0
1601  1  0  127  0  1  0  0  0  0  0
1601  2  0  127  0  0  1  0  0  0  0
1601  3  0  127  0  0  0  1  0  0  0
1601  4  0  127  0  0  0  0  1  0  0
1601  5  0  127  0  0  0  0  0  1  0
1601  6  0  127  0  0  0  0  0  0  1
1602  1  0  37  0  0  0  0  0  0  0
1602  2  0  37  0  0  0  0  0  0  0
1602  3  0  37  0  0  0  0  0  0  0
1602  4  0  37  0  0  0  0  0  0  0
1602  5  0  37  0  0  0  0  0  0  0
1602  6  0  37  0  0  0  0  0  0  0
1652  1  0  1  1  1  0  0  0  0  0
1652  2  0  138  0  0  1  0  0  0  0
1652  3  0  138  0  0  0  1  0  0  0
1652  4  0  138  0  0  0  0  1  0  0
1652  5  0  138  0  0  0  0  0  1  0
1652  6  0  138  0  0  0  0  0  0  1
1653  1  0  18  0  0  0  0  0  0  0
1653  2  0  18  0  0  0  0  0  0  0
1653  3  0  18  0  0  0  0  0  0  0
1653  4  0  18  0  0  0  0  0  0  0
1653  5  0  18  0  0  0  0  0  0  0
1653  6  0  18  0  0  0  0  0  0  0
1654  1  0  111  0  1  0  0  0  0  0
1654  2  0  111  0  0  1  0  0  0  0
1654  3  0  111  0  0  0  1  0  0  0
1654  4  0  111  0  0  0  0  1  0  0
1654  5  0  111  0  0  0  0  0  1  0
1654  6  0  111  0  0  0  0  0  0  1
1701  1  0  32  0  1  0  0  0  0  0
1701  2  0  32  0  0  1  0  0  0  0
1701  3  0  32  0  0  0  1  0  0  0
1701  4  0  32  0  0  0  0  1  0  0
1701  5  0  32  0  0  0  0  0  1  0
1701  6  0  32  0  0  0  0  0  0  1
1702  1  0  13  0  0  0  0  0  0  0
1702  2  0  13  0  0  0  0  0  0  0
1702  3  0  13  0  0  0  0  0  0  0
1702  4  0  13  0  0  0  0  0  0  0
1702  5  0  13  0  0  0  0  0  0  0
1702  6  0  13  0  0  0  0  0  0  0
1703  1  0  143  0  0  0  0  0  0  0
1703  2  0  143  0  0  0  0  0  0  0
1703  3  0  143  0  0  0  0  0  0  0
1703  4  0  143  0  0  0  0  0  0  0
1703  5  0  143  0  0  0  0  0  0  0
1703  6  0  143  0  0  0  0  0  0  0
1704  1  0  142  0  1  0  0  0  0  0
1704  2  0  142  0  0  1  0  0  0  0
1704  3  0  142  0  0  0  1  0  0  0
1704  4  0  142  0  0  0  0  1  0  0
1704  5  0  142  0  0  0  0  0  1  0
1704  6  0  142  0  0  0  0  0  0  1
1705  1  0  15  0  1  0  0  0  0  0
1705  2  0  15  0  0  1  0  0  0  0
1705  3  0  15  0  0  0  1  0  0  0
1705  4  0  15  0  0  0  0  1  0  0
1705  5  0  15  0  0  0  0  0  1  0
1705  6  0  15  0  0  0  0  0  0  1
1706  1  0  74  1  0  0  0  0  0  0
1706  2  0  143  0  0  0  0  0  0  0
1706  3  0  143  0  0  0  0  0  0  0
1706  4  0  143  0  0  0  0  0  0  0
1706  5  0  143  0  0  0  0  0  0  0
1706  6  0  143  0  0  0  0  0  0  0
1751  1  0  184  0  0  0  0  0  0  0
1751  2  0  184  0  0  0  0  0  0  0
1751  3  0  184  0  0  0  0  0  0  0
1751  4  0  184  0  0  0  0  0  0  0
1751  5  0  184  0  0  0  0  0  0  0
1751  6  0  184  0  0  0  0  0  0  0
1752  1  0  127  0  1  0  0  0  0  0
1752  2  0  127  0  0  1  0  0  0  0
1752  3  0  127  0  0  0  1  0  0  0
1752  4  0  127  0  0  0  0  1  0  0
1752  5  0  127  0  0  0  0  0  1  0
1752  6  0  127  0  0  0  0  0  0  1
1753  1  0  127  0  1  0  0  0  0  0
1753  2  0  127  0  0  1  0  0  0  0
1753  3  0  127  0  0  0  1  0  0  0
1753  4  0  127  0  0  0  0  1  0  0
1753  5  0  127  0  0  0  0  0  1  0
1753  6  0  127  0  0  0  0  0  0  1
1754  1  0  52  1  0  0  0  0  0  0
1754  2  0  130  1  0  0  0  0  0  0
1754  3  0  141  0  0  0  0  0  0  0
1754  4  0  141  0  0  0  0  0  0  0
1754  5  0  141  0  0  0  0  0  0  0
1754  6  0  141  0  0  0  0  0  0  0
1851  1  0  105  0  0  0  0  0  0  0
1851  2  0  105  0  0  0  0  0  0  0
1851  3  0  105  0  0  0  0  0  0  0
1851  4  0  105  0  0  0  0  0  0  0
1851  5  0  105  0  0  0  0  0  0  0
1851  6  0  105  0  0  0  0  0  0  0
