   1  1  0 0    1
   2  1  0 0   -1
   3  1  0 1    1
   4  1  0 1   -1
   5  1  0 2    1
   6  1  0 2   -1
   7  1  0 3    1
   8  1  0 3   -1
   9  1  0 4    1
  10  1  0 4   -1
  11  1  0 5    1
  12  1  0 5   -1
  13  1  0 6    1
  14  1  0 6   -1
  15  1  0 7    1
  16  1  0 7   -1
  17  1  0 8    1
  18  1  0 8   -1
  19  1  0 9    1
  20  1  0 9   -1
  21  1  1 0    1
  22  1  1 0   -1
  23  1  1 1    1
  24  1  1 1   -1
  25  1  1 2    1
  26  1  1 2   -1
  27  1  1 3    1
  28  1  1 3   -1
  29  1  1 4    1
  30  1  1 4   -1
  31  1  1 5    1
  32  1  1 5   -1
  33  1  1 6    1
  34  1  1 6   -1
  35  1  1 7    1
  36  1  1 7   -1
  37  1  1 8    1
  38  1  1 8   -1
  39  1  1 9    1
  40  1  1 9   -1
  41  1  2 0    1
  42  1  2 0   -1
  43  1  2 1    1
  44  1  2 1   -1
  45  1  2 2    1
  46  1  2 2   -1
  47  1  2 3    1
  48  1  2 3   -1
  49  1  2 4    1
  50  1  2 4   -1
  51  1  2 5    1
  52  1  2 5   -1
  53  1  2 6    1
  54  1  2 6   -1
  55  1  2 7    1
  56  1  2 7   -1
  57  1  2 8    1
  58  1  2 8   -1
  59  1  2 9    1
  60  1  2 9   -1
  61  1  3 0    1
  62  1  3 0   -1
  63  1  3 1    1
  64  1  3 1   -1
  65  1  3 2    1
  66  1  3 2   -1
  67  1  3 3    1
  68  1  3 3   -1
  69  1  3 4    1
  70  1  3 4   -1
  71  1  3 5    1
  72  1  3 5   -1
  73  1  3 6    1
  74  1  3 6   -1
  75  1  3 7    1
  76  1  3 7   -1
  77  1  3 8    1
  78  1  3 8   -1
  79  1  3 9    1
  80  1  3 9   -1
  81  1  4 0    1
  82  1  4 0   -1
  83  1  4 1    1
  84  1  4 1   -1
  85  1  4 2    1
  86  1  4 2   -1
  87  1  4 3    1
  88  1  4 3   -1
  89  1  4 4    1
  90  1  4 4   -1
  91  1  4 5    1
  92  1  4 5   -1
  93  1  4 6    1
  94  1  4 6   -1
  95  1  4 7    1
  96  1  4 7   -1
  97  1  4 8    1
  98  1  4 8   -1
  99  1  4 9    1
 100  1  4 9   -1
 101  1  5 0    1
 102  1  5 0   -1
 103  1  5 1    1
 104  1  5 1   -1
 105  1  5 2    1
 106  1  5 2   -1
 107  1  5 3    1
 108  1  5 3   -1
 109  1  5 4    1
 110  1  5 4   -1
 111  1  5 5    1
 112  1  5 5   -1
 113  1  5 6    1
 114  1  5 6   -1
 115  1  5 7    1
 116  1  5 7   -1
 117  1  5 8    1
 118  1  5 8   -1
 119  1  5 9    1
 120  1  5 9   -1
 121  1  6 0    1
 122  1  6 0   -1
 123  1  6 1    1
 124  1  6 1   -1
 125  1  6 2    1
 126  1  6 2   -1
 127  1  6 3    1
 128  1  6 3   -1
 129  1  6 4    1
 130  1  6 4   -1
 131  1  6 5    1
 132  1  6 5   -1
 133  1  6 6    1
 134  1  6 6   -1
 135  1  6 7    1
 136  1  6 7   -1
 137  1  6 8    1
 138  1  6 8   -1
 139  1  6 9    1
 140  1  6 9   -1
 141  4  6 3 24 1 29 2 30 2   15
 142  4  6 3 24 1 29 2 30 2   19
 143  6  6 3  9 0 18 2 19 0 28 1 29 1   13
 144  6  6 3  9 0 18 2 19 0 28 1 29 1   17
 145  3  6 3 24 2 26 1   17
 146  3  6 3 24 2 26 1   21
 147  2  6 3 25 6   -1
 148  2  6 3 25 6    1
 149  1  7 0    1
 150  1  7 0   -1
 151  1  7 1    1
 152  1  7 1   -1
 153  1  7 2    1
 154  1  7 2   -1
 155  1  7 3    1
 156  1  7 3   -1
 157  1  7 4    1
 158  1  7 4   -1
 159  1  7 5    1
 160  1  7 5   -1
 161  1  7 6    1
 162  1  7 6   -1
 163  1  7 7    1
 164  1  7 7   -1
 165  1  7 8    1
 166  1  7 8   -1
 167  1  7 9    1
 168  1  7 9   -1
 169  1  8 0    1
 170  1  8 0   -1
 171  1  8 1    1
 172  1  8 1   -1
 173  1  8 2    1
 174  1  8 2   -1
 175  1  8 3    1
 176  1  8 3   -1
 177  1  8 4    1
 178  1  8 4   -1
 179  1  8 5    1
 180  1  8 5   -1
 181  1  8 6    1
 182  1  8 6   -1
 183  1  8 7    1
 184  1  8 7   -1
 185  1  8 8    1
 186  1  8 8   -1
 187  1  8 9    1
 188  1  8 9   -1
 189  1  9 0    1
 190  1  9 0   -1
 191  1  9 1    1
 192  1  9 1   -1
 193  1  9 2    1
 194  1  9 2   -1
 195  1  9 3    1
 196  1  9 3   -1
 197  1  9 4    1
 198  1  9 4   -1
 199  1  9 5    1
 200  1  9 5   -1
 201  1  9 6    1
 202  1  9 6   -1
 203  1  9 7    1
 204  1  9 7   -1
 205  1  9 8    1
 206  1  9 8   -1
 207  1  9 9    1
 208  1  9 9   -1
 209  3  9 3 18 2 24 1    7
 210  3  9 3 18 2 24 1   11
 211  3  9 6 18 2 24 1    1
 212  3  9 6 18 2 24 1    5
 213  1 10 0    1
 214  1 10 0   -1
 215  1 10 1    1
 216  1 10 1   -1
 217  1 10 2    1
 218  1 10 2   -1
 219  1 10 3    1
 220  1 10 3   -1
 221  1 10 4    1
 222  1 10 4   -1
 223  1 10 5    1
 224  1 10 5   -1
 225  1 10 6    1
 226  1 10 6   -1
 227  1 10 7    1
 228  1 10 7   -1
 229  1 10 8    1
 230  1 10 8   -1
 231  1 10 9    1
 232  1 10 9   -1
 233  1 11 0    1
 234  1 11 0   -1
 235  1 11 1    1
 236  1 11 1   -1
 237  1 11 2    1
 238  1 11 2   -1
 239  1 11 3    1
 240  1 11 3   -1
 241  1 11 4    1
 242  1 11 4   -1
 243  1 11 5    1
 244  1 11 5   -1
 245  1 11 6    1
 246  1 11 6   -1
 247  1 11 7    1
 248  1 11 7   -1
 249  1 11 8    1
 250  1 11 8   -1
 251  1 11 9    1
 252  1 11 9   -1
 253  6 11 6 12 6 18 2 20 2 23 0 24 0    7
 254  6 11 6 12 6 18 2 20 2 23 0 24 0   11
 255  3 11 3 24 1 29 2    7
 256  3 11 3 24 1 29 2   11
 257  1 12 0    1
 258  1 12 0   -1
 259  1 12 1    1
 260  1 12 1   -1
 261  1 12 2    1
 262  1 12 2   -1
 263  1 12 3    1
 264  1 12 3   -1
 265  1 12 4    1
 266  1 12 4   -1
 267  1 12 5    1
 268  1 12 5   -1
 269  1 12 6    1
 270  1 12 6   -1
 271  1 12 7    1
 272  1 12 7   -1
 273  1 12 8    1
 274  1 12 8   -1
 275  1 12 9    1
 276  1 12 9   -1
 277  8 12 0 16 1 18 0 19 8 24 0 25 0 29 0 30 0   11
 278  8 12 0 16 1 18 0 19 8 24 0 25 0 29 0 30 0   15
 279  8 12 0 16 0 18 0 19 1 24 0 25 0 29 0 30 0   -5
 280  8 12 0 16 0 18 0 19 1 24 0 25 0 29 0 30 0   -9
 281  3 12 3 18 2 24 1    7
 282  3 12 3 18 2 24 1   11
 283  3 12 6 18 2 24 1    1
 284  3 12 6 18 2 24 1    5
 285  3 12 3 24 2 29 1   19
 286  3 12 3 24 2 29 1   23
 287  4 12 6 24 1 29 2 30 2   -1
 288  4 12 6 24 1 29 2 30 2    1
 289  3 12 6 24 2 29 1    3
 290  3 12 6 24 2 29 1    7
 291  1 13 0    1
 292  1 13 0   -1
 293  1 13 1    1
 294  1 13 1   -1
 295  1 13 2    1
 296  1 13 2   -1
 297  1 13 3    1
 298  1 13 3   -1
 299  1 13 4    1
 300  1 13 4   -1
 301  1 13 5    1
 302  1 13 5   -1
 303  1 13 6    1
 304  1 13 6   -1
 305  1 13 7    1
 306  1 13 7   -1
 307  1 13 8    1
 308  1 13 8   -1
 309  1 13 9    1
 310  1 13 9   -1
 311  1 14 0    1
 312  1 14 0   -1
 313  1 14 1    1
 314  1 14 1   -1
 315  1 14 2    1
 316  1 14 2   -1
 317  1 14 3    1
 318  1 14 3   -1
 319  1 14 4    1
 320  1 14 4   -1
 321  1 14 5    1
 322  1 14 5   -1
 323  1 14 6    1
 324  1 14 6   -1
 325  1 14 7    1
 326  1 14 7   -1
 327  1 14 8    1
 328  1 14 8   -1
 329  1 14 9    1
 330  1 14 9   -1
 331  1 15 0    1
 332  1 15 0   -1
 333  1 15 1    1
 334  1 15 1   -1
 335  1 15 2    1
 336  1 15 2   -1
 337  1 15 3    1
 338  1 15 3   -1
 339  1 15 4    1
 340  1 15 4   -1
 341  1 15 5    1
 342  1 15 5   -1
 343  1 15 6    1
 344  1 15 6   -1
 345  1 15 7    1
 346  1 15 7   -1
 347  1 15 8    1
 348  1 15 8   -1
 349  1 15 9    1
 350  1 15 9   -1
 351  1 16 0    1
 352  1 16 0   -1
 353  1 16 1    1
 354  1 16 1   -1
 355  1 16 2    1
 356  1 16 2   -1
 357  1 16 3    1
 358  1 16 3   -1
 359  1 16 4    1
 360  1 16 4   -1
 361  1 16 5    1
 362  1 16 5   -1
 363  1 16 6    1
 364  1 16 6   -1
 365  1 16 7    1
 366  1 16 7   -1
 367  1 16 8    1
 368  1 16 8   -1
 369  1 16 9    1
 370  1 16 9   -1
 371  4 16 2 19 1 28 1 29 1   -1
 372  4 16 2 19 1 28 1 29 1    1
 373  4 16 8 19 1 28 1 29 1  -41
 374  4 16 8 19 1 28 1 29 1  -45
 375  3 16 2 19 1 29 1    1
 376  3 16 2 19 1 29 1    5
 377  1 17 0    1
 378  1 17 0   -1
 379  1 17 1    1
 380  1 17 1   -1
 381  1 17 2    1
 382  1 17 2   -1
 383  1 17 3    1
 384  1 17 3   -1
 385  1 17 4    1
 386  1 17 4   -1
 387  1 17 5    1
 388  1 17 5   -1
 389  1 17 6    1
 390  1 17 6   -1
 391  1 17 7    1
 392  1 17 7   -1
 393  1 17 8    1
 394  1 17 8   -1
 395  1 17 9    1
 396  1 17 9   -1
 397  1 18 0    1
 398  1 18 0   -1
 399  1 18 1    1
 400  1 18 1   -1
 401  1 18 2    1
 402  1 18 2   -1
 403  1 18 3    1
 404  1 18 3   -1
 405  1 18 4    1
 406  1 18 4   -1
 407  1 18 5    1
 408  1 18 5   -1
 409  1 18 6    1
 410  1 18 6   -1
 411  1 18 7    1
 412  1 18 7   -1
 413  1 18 8    1
 414  1 18 8   -1
 415  1 18 9    1
 416  1 18 9   -1
 417  5 18 0 20 0 24 1 29 2 32 0   15
 418  5 18 0 20 0 24 1 29 2 32 0   19
 419  6 18 0 19 0 24 1 25 8 29 1 36 1    5
 420  6 18 0 19 0 24 1 25 8 29 1 36 1    9
 421  6 18 0 19 0 24 1 25 0 29 1 36 1   -5
 422  6 18 0 19 0 24 1 25 0 29 1 36 1   -9
 423  5 18 0 19 1 24 2 29 0 36 0   19
 424  5 18 0 19 1 24 2 29 0 36 0   23
 425  4 18 2 19 1 28 0 29 0   17
 426  4 18 2 19 1 28 0 29 0   21
 427  3 18 2 19 1 28 1    3
 428  3 18 2 19 1 28 1    7
 429  3 18 2 20 2 24 2  -59
 430  3 18 2 20 2 24 2  -63
 431  3 18 2 20 2 24 1   11
 432  3 18 2 20 2 24 1   15
 433  2 18 1 20 9   -1
 434  2 18 1 20 9   -5
 435  4 18 0 20 0 26 2 28 2    1
 436  4 18 0 20 0 26 2 28 2    5
 437  5 18 1 20 1 23 2 28 1 32 1   11
 438  5 18 1 20 1 23 2 28 1 32 1   15
 439  2 18 2 20 2  -27
 440  2 18 2 20 2  -31
 441  4 18 1 20 2 24 1 29 2   17
 442  4 18 1 20 2 24 1 29 2   21
 443  4 18 1 23 2 24 1 29 2   17
 444  4 18 1 23 2 24 1 29 2   21
 445  4 18 2 24 0 25 1 28 1   17
 446  4 18 2 24 0 25 1 28 1   21
 447  3 18 1 24 1 29 2   -5
 448  3 18 1 24 1 29 2   -9
 449  5 18 2 24 2 25 1 26 1 29 1   15
 450  5 18 2 24 2 25 1 26 1 29 1   19
 451  5 18 1 24 1 25 2 26 2 29 2   15
 452  5 18 1 24 1 25 2 26 2 29 2   19
 453  3 18 1 24 1 29 1  -45
 454  3 18 1 24 1 29 1  -49
 455  3 18 0 24 1 29 1    5
 456  3 18 0 24 1 29 1    9
 457  3 18 1 28 0 29 0  -15
 458  3 18 1 28 0 29 0  -19
 459  3 18 2 28 1 29 1    5
 460  3 18 2 28 1 29 1    9
 461  1 19 0    1
 462  1 19 0   -1
 463  1 19 1    1
 464  1 19 1   -1
 465  1 19 2    1
 466  1 19 2   -1
 467  1 19 3    1
 468  1 19 3   -1
 469  1 19 4    1
 470  1 19 4   -1
 471  1 19 5    1
 472  1 19 5   -1
 473  1 19 6    1
 474  1 19 6   -1
 475  1 19 7    1
 476  1 19 7   -1
 477  1 19 8    1
 478  1 19 8   -1
 479  1 19 9    1
 480  1 19 9   -1
 481  3 19 1 20 2 26 1   -5
 482  3 19 1 20 2 26 1   -9
 483  2 19 1 24 1  -21
 484  2 19 1 24 1  -25
 485  1 20 0    1
 486  1 20 0   -1
 487  1 20 1    1
 488  1 20 1   -1
 489  1 20 2    1
 490  1 20 2   -1
 491  1 20 3    1
 492  1 20 3   -1
 493  1 20 4    1
 494  1 20 4   -1
 495  1 20 5    1
 496  1 20 5   -1
 497  1 20 6    1
 498  1 20 6   -1
 499  1 20 7    1
 500  1 20 7   -1
 501  1 20 8    1
 502  1 20 8   -1
 503  1 20 9    1
 504  1 20 9   -1
 505  6 20 0 21 0 23 0 24 0 26 1 32 1    7
 506  6 20 0 21 0 23 0 24 0 26 1 32 1   11
 507  5 20 0 21 1 24 1 26 0 35 1   17
 508  5 20 0 21 1 24 1 26 0 35 1   21
 509  4 20 9 21 1 24 1 35 1    3
 510  4 20 9 21 1 24 1 35 1    7
 511  5 20 0 21 3 24 0 26 2 37 0   15
 512  5 20 0 21 3 24 0 26 2 37 0   19
 513  3 20 9 21 3 26 2    5
 514  3 20 9 21 3 26 2    9
 515  3 20 1 23 2 32 0    5
 516  3 20 1 23 2 32 0    9
 517  4 20 0 24 0 26 0 28 1   -5
 518  4 20 0 24 0 26 0 28 1   -9
 519  5 20 2 24 2 25 1 26 1 29 1   15
 520  5 20 2 24 2 25 1 26 1 29 1   19
 521  5 20 1 24 1 25 2 26 2 29 2   15
 522  5 20 1 24 1 25 2 26 2 29 2   19
 523  1 21 0    1
 524  1 21 0   -1
 525  1 21 1    1
 526  1 21 1   -1
 527  1 21 2    1
 528  1 21 2   -1
 529  1 21 3    1
 530  1 21 3   -1
 531  1 21 4    1
 532  1 21 4   -1
 533  1 21 5    1
 534  1 21 5   -1
 535  1 21 6    1
 536  1 21 6   -1
 537  1 21 7    1
 538  1 21 7   -1
 539  1 21 8    1
 540  1 21 8   -1
 541  1 21 9    1
 542  1 21 9   -1
 543  3 21 3 24 9 26 2    5
 544  3 21 3 24 9 26 2    9
 545  4 21 1 24 1 26 9 35 1    3
 546  4 21 1 24 1 26 9 35 1    7
 547  3 21 3 26 2 37 9    5
 548  3 21 3 26 2 37 9    9
 549  1 22 0    1
 550  1 22 0   -1
 551  1 22 1    1
 552  1 22 1   -1
 553  1 22 2    1
 554  1 22 2   -1
 555  1 22 3    1
 556  1 22 3   -1
 557  1 22 4    1
 558  1 22 4   -1
 559  1 22 5    1
 560  1 22 5   -1
 561  1 22 6    1
 562  1 22 6   -1
 563  1 22 7    1
 564  1 22 7   -1
 565  1 22 8    1
 566  1 22 8   -1
 567  1 22 9    1
 568  1 22 9   -1
 569  1 23 0    1
 570  1 23 0   -1
 571  1 23 1    1
 572  1 23 1   -1
 573  1 23 2    1
 574  1 23 2   -1
 575  1 23 3    1
 576  1 23 3   -1
 577  1 23 4    1
 578  1 23 4   -1
 579  1 23 5    1
 580  1 23 5   -1
 581  1 23 6    1
 582  1 23 6   -1
 583  1 23 7    1
 584  1 23 7   -1
 585  1 23 8    1
 586  1 23 8   -1
 587  1 23 9    1
 588  1 23 9   -1
 589  5 23 1 24 1 25 2 26 2 29 2   15
 590  5 23 1 24 1 25 2 26 2 29 2   19
 591  5 23 2 24 2 25 1 26 1 29 1   15
 592  5 23 2 24 2 25 1 26 1 29 1   19
 593  1 24 0    1
 594  1 24 0   -1
 595  1 24 1    1
 596  1 24 1   -1
 597  1 24 2    1
 598  1 24 2   -1
 599  1 24 3    1
 600  1 24 3   -1
 601  1 24 4    1
 602  1 24 4   -1
 603  1 24 5    1
 604  1 24 5   -1
 605  1 24 6    1
 606  1 24 6   -1
 607  1 24 7    1
 608  1 24 7   -1
 609  1 24 8    1
 610  1 24 8   -1
 611  1 24 9    1
 612  1 24 9   -1
 613  2 24 1 29 1  -25
 614  2 24 1 29 1  -29
 615  2 24 1 29 2  -11
 616  2 24 1 29 2  -15
 617  1 25 0    1
 618  1 25 0   -1
 619  1 25 1    1
 620  1 25 1   -1
 621  1 25 2    1
 622  1 25 2   -1
 623  1 25 3    1
 624  1 25 3   -1
 625  1 25 4    1
 626  1 25 4   -1
 627  1 25 5    1
 628  1 25 5   -1
 629  1 25 6    1
 630  1 25 6   -1
 631  1 25 7    1
 632  1 25 7   -1
 633  1 25 8    1
 634  1 25 8   -1
 635  1 25 9    1
 636  1 25 9   -1
 637  1 26 0    1
 638  1 26 0   -1
 639  1 26 1    1
 640  1 26 1   -1
 641  1 26 2    1
 642  1 26 2   -1
 643  1 26 3    1
 644  1 26 3   -1
 645  1 26 4    1
 646  1 26 4   -1
 647  1 26 5    1
 648  1 26 5   -1
 649  1 26 6    1
 650  1 26 6   -1
 651  1 26 7    1
 652  1 26 7   -1
 653  1 26 8    1
 654  1 26 8   -1
 655  1 26 9    1
 656  1 26 9   -1
 657  1 27 0    1
 658  1 27 0   -1
 659  1 27 1    1
 660  1 27 1   -1
 661  1 27 2    1
 662  1 27 2   -1
 663  1 27 3    1
 664  1 27 3   -1
 665  1 27 4    1
 666  1 27 4   -1
 667  1 27 5    1
 668  1 27 5   -1
 669  1 27 6    1
 670  1 27 6   -1
 671  1 27 7    1
 672  1 27 7   -1
 673  1 27 8    1
 674  1 27 8   -1
 675  1 27 9    1
 676  1 27 9   -1
 677  1 28 0    1
 678  1 28 0   -1
 679  1 28 1    1
 680  1 28 1   -1
 681  1 28 2    1
 682  1 28 2   -1
 683  1 28 3    1
 684  1 28 3   -1
 685  1 28 4    1
 686  1 28 4   -1
 687  1 28 5    1
 688  1 28 5   -1
 689  1 28 6    1
 690  1 28 6   -1
 691  1 28 7    1
 692  1 28 7   -1
 693  1 28 8    1
 694  1 28 8   -1
 695  1 28 9    1
 696  1 28 9   -1
 697  1 29 0    1
 698  1 29 0   -1
 699  1 29 1    1
 700  1 29 1   -1
 701  1 29 2    1
 702  1 29 2   -1
 703  1 29 3    1
 704  1 29 3   -1
 705  1 29 4    1
 706  1 29 4   -1
 707  1 29 5    1
 708  1 29 5   -1
 709  1 29 6    1
 710  1 29 6   -1
 711  1 29 7    1
 712  1 29 7   -1
 713  1 29 8    1
 714  1 29 8   -1
 715  1 29 9    1
 716  1 29 9   -1
 717  2 29 1 32 1   -1
 718  2 29 1 32 1    1
 719  1 30 0    1
 720  1 30 0   -1
 721  1 30 1    1
 722  1 30 1   -1
 723  1 30 2    1
 724  1 30 2   -1
 725  1 30 3    1
 726  1 30 3   -1
 727  1 30 4    1
 728  1 30 4   -1
 729  1 30 5    1
 730  1 30 5   -1
 731  1 30 6    1
 732  1 30 6   -1
 733  1 30 7    1
 734  1 30 7   -1
 735  1 30 8    1
 736  1 30 8   -1
 737  1 30 9    1
 738  1 30 9   -1
 739  1 31 0    1
 740  1 31 0   -1
 741  1 31 1    1
 742  1 31 1   -1
 743  1 31 2    1
 744  1 31 2   -1
 745  1 31 3    1
 746  1 31 3   -1
 747  1 31 4    1
 748  1 31 4   -1
 749  1 31 5    1
 750  1 31 5   -1
 751  1 31 6    1
 752  1 31 6   -1
 753  1 31 7    1
 754  1 31 7   -1
 755  1 31 8    1
 756  1 31 8   -1
 757  1 31 9    1
 758  1 31 9   -1
