 45000  10  1458 1  1472 1  1487 0  1503 0  1520 0  1538 1  1558 1  1578 1  1599 0  1621 0  2 15 9   16 0   17   9   4
 45001  10  1644 0  1658 1  1675 1  1691 0  1708 0  1726 1  1745 0  1765 1  1786 0  1808 0  2 15 9   17 0   19   0   0
 45002   9  1831 1  1845 0  1861 1  1879 1  1896 0  1914 0  1933 1  1953 1  1974 1  2 15 9   18 0   18   0   1
 45003  10  1996 0  2010 0  2025 0  2042 0  2059 1  2077 1  2096 0  2117 0  2138 1  2160 1  2 15 9   19 0   17  11   3
 45004  10  2183 0  2198 0  2213 0  2229 1  2246 0  2264 1  2283 0  2303 0  2324 0  2346 0  2 15 9   20 0   13   7   6
 45005   9  2369 1  2383 0  2398 0    14 0    30 1    47 0    66 1    85 0   105 0  2 15 9   21 0   14   2   6
 45006  10   126 1   139 1   153 1   168 1   184 0   207 0   225 0   244 0   264 1   285 0  2 15 9   22 0   16   0   5
 45007  10   307 0   320 0   334 1   350 0   367 1   384 0   402 0   421 0   441 0   462 1  2 15 9   23 0   14   4   6
 45008   9   484 0   497 0   511 0   526 1   542 0   559 1   577 1   596 0   616 0  2 15 9   24 0   13  17   4
 45009  10   638 1   652 1   666 1   681 0   697 0   714 0   733 1   752 1   772 1   793 0  2 15 9   25 0   18  -3   4
