   1 1  0 0     1
   2 1  0 0    -1
   3 1  0 1     1
   4 1  0 1    -1
   5 1  0 2     1
   6 1  0 2    -1
   7 1  0 3     1
   8 1  0 3    -1
   9 1  0 4     1
  10 1  0 4    -1
  11 1  0 5     1
  12 1  0 5    -1
  13 1  0 6     1
  14 1  0 6    -1
  15 1  0 7     1
  16 1  0 7    -1
  17 1  0 8     1
  18 1  0 8    -1
  19 1  0 9     1
  20 1  0 9    -1
  21 1  1 0     1
  22 1  1 0    -1
  23 1  1 1     1
  24 1  1 1    -1
  25 1  1 2     1
  26 1  1 2    -1
  27 1  1 3     1
  28 1  1 3    -1
  29 1  1 4     1
  30 1  1 4    -1
  31 1  1 5     1
  32 1  1 5    -1
  33 1  1 6     1
  34 1  1 6    -1
  35 1  1 7     1
  36 1  1 7    -1
  37 1  1 8     1
  38 1  1 8    -1
  39 1  1 9     1
  40 1  1 9    -1
  41 1  2 0     1
  42 1  2 0    -1
  43 1  2 1     1
  44 1  2 1    -1
  45 1  2 2     1
  46 1  2 2    -1
  47 1  2 3     1
  48 1  2 3    -1
  49 1  2 4     1
  50 1  2 4    -1
  51 1  2 5     1
  52 1  2 5    -1
  53 1  2 6     1
  54 1  2 6    -1
  55 1  2 7     1
  56 1  2 7    -1
  57 1  2 8     1
  58 1  2 8    -1
  59 1  2 9     1
  60 1  2 9    -1
  61 1  3 0     1
  62 1  3 0    -1
  63 1  3 1     1
  64 1  3 1    -1
  65 1  3 2     1
  66 1  3 2    -1
  67 1  3 3     1
  68 1  3 3    -1
  69 1  3 4     1
  70 1  3 4    -1
  71 1  3 5     1
  72 1  3 5    -1
  73 1  3 6     1
  74 1  3 6    -1
  75 1  3 7     1
  76 1  3 7    -1
  77 1  3 8     1
  78 1  3 8    -1
  79 1  3 9     1
  80 1  3 9    -1
  81 1  4 0     1
  82 1  4 0    -1
  83 1  4 1     1
  84 1  4 1    -1
  85 1  4 2     1
  86 1  4 2    -1
  87 1  4 3     1
  88 1  4 3    -1
  89 1  4 4     1
  90 1  4 4    -1
  91 1  4 5     1
  92 1  4 5    -1
  93 1  4 6     1
  94 1  4 6    -1
  95 1  4 7     1
  96 1  4 7    -1
  97 1  4 8     1
  98 1  4 8    -1
  99 1  4 9     1
 100 1  4 9    -1
 101 1  5 0     1
 102 1  5 0    -1
 103 1  5 1     1
 104 1  5 1    -1
 105 1  5 2     1
 106 1  5 2    -1
 107 1  5 3     1
 108 1  5 3    -1
 109 1  5 4     1
 110 1  5 4    -1
 111 1  5 5     1
 112 1  5 5    -1
 113 1  5 6     1
 114 1  5 6    -1
 115 1  5 7     1
 116 1  5 7    -1
 117 1  5 8     1
 118 1  5 8    -1
 119 1  5 9     1
 120 1  5 9    -1
 121 1  6 0     1
 122 1  6 0    -1
 123 1  6 1     1
 124 1  6 1    -1
 125 1  6 2     1
 126 1  6 2    -1
 127 1  6 3     1
 128 1  6 3    -1
 129 1  6 4     1
 130 1  6 4    -1
 131 1  6 5     1
 132 1  6 5    -1
 133 1  6 6     1
 134 1  6 6    -1
 135 1  6 7     1
 136 1  6 7    -1
 137 1  6 8     1
 138 1  6 8    -1
 139 1  6 9     1
 140 1  6 9    -1
 141 4  6 3 24 1 29 2 30 2    8
 142 4  6 3 24 1 29 2 30 2   10
 143 6  6 3  9 0 18 2 19 0 28 1 29 1    7
 144 6  6 3  9 0 18 2 19 0 28 1 29 1    9
 145 3  6 3 24 2 26 1    9
 146 3  6 3 24 2 26 1   11
 147 2  6 3 25 6   -1
 148 2  6 3 25 6    1
 149 1  7 0     1
 150 1  7 0    -1
 151 1  7 1     1
 152 1  7 1    -1
 153 1  7 2     1
 154 1  7 2    -1
 155 1  7 3     1
 156 1  7 3    -1
 157 1  7 4     1
 158 1  7 4    -1
 159 1  7 5     1
 160 1  7 5    -1
 161 1  7 6     1
 162 1  7 6    -1
 163 1  7 7     1
 164 1  7 7    -1
 165 1  7 8     1
 166 1  7 8    -1
 167 1  7 9     1
 168 1  7 9    -1
 169 1  8 0     1
 170 1  8 0    -1
 171 1  8 1     1
 172 1  8 1    -1
 173 1  8 2     1
 174 1  8 2    -1
 175 1  8 3     1
 176 1  8 3    -1
 177 1  8 4     1
 178 1  8 4    -1
 179 1  8 5     1
 180 1  8 5    -1
 181 1  8 6     1
 182 1  8 6    -1
 183 1  8 7     1
 184 1  8 7    -1
 185 1  8 8     1
 186 1  8 8    -1
 187 1  8 9     1
 188 1  8 9    -1
 189 1  9 0     1
 190 1  9 0    -1
 191 1  9 1     1
 192 1  9 1    -1
 193 1  9 2     1
 194 1  9 2    -1
 195 1  9 3     1
 196 1  9 3    -1
 197 1  9 4     1
 198 1  9 4    -1
 199 1  9 5     1
 200 1  9 5    -1
 201 1  9 6     1
 202 1  9 6    -1
 203 1  9 7     1
 204 1  9 7    -1
 205 1  9 8     1
 206 1  9 8    -1
 207 1  9 9     1
 208 1  9 9    -1
 209 3  9 3 18 2 24 1    4
 210 3  9 3 18 2 24 1    6
 211 3  9 6 18 2 24 1    1
 212 3  9 6 18 2 24 1    3
 213 1 10 0     1
 214 1 10 0    -1
 215 1 10 1     1
 216 1 10 1    -1
 217 1 10 2     1
 218 1 10 2    -1
 219 1 10 3     1
 220 1 10 3    -1
 221 1 10 4     1
 222 1 10 4    -1
 223 1 10 5     1
 224 1 10 5    -1
 225 1 10 6     1
 226 1 10 6    -1
 227 1 10 7     1
 228 1 10 7    -1
 229 1 10 8     1
 230 1 10 8    -1
 231 1 10 9     1
 232 1 10 9    -1
 213 1 11 0     1
 214 1 11 0    -1
 215 1 11 1     1
 216 1 11 1    -1
 217 1 11 2     1
 218 1 11 2    -1
 219 1 11 3     1
 220 1 11 3    -1
 221 1 11 4     1
 222 1 11 4    -1
 223 1 11 5     1
 224 1 11 5    -1
 225 1 11 6     1
 226 1 11 6    -1
 227 1 11 7     1
 228 1 11 7    -1
 229 1 11 8     1
 230 1 11 8    -1
 231 1 11 9     1
 232 1 11 9    -1
 233 6 11 6 12 6 18 2 20 2 23 0 24 0    4
 234 6 11 6 12 6 18 2 20 2 23 0 24 0    6
 235 3 11 3 24 1 29 2    4
 236 3 11 3 24 1 29 2    6
 237 1 12 0     1
 238 1 12 0    -1
 237 1 12 1     1
 238 1 12 1    -1
 239 1 12 2     1
 240 1 12 2    -1
 241 1 12 3     1
 242 1 12 3    -1
 243 1 12 4     1
 244 1 12 4    -1
 245 1 12 5     1
 246 1 12 5    -1
 247 1 12 6     1
 248 1 12 6    -1
 249 1 12 7     1
 250 1 12 7    -1
 251 1 12 8     1
 252 1 12 8    -1
 253 1 12 9     1
 254 1 12 9    -1
 255 8 12 0 16 1 18 0 19 8 24 0 25 0 29 0 30 0    6
 256 8 12 0 16 1 18 0 19 8 24 0 25 0 29 0 30 0    8
 257 8 12 0 16 0 18 0 19 1 24 0 25 0 29 0 30 0   -3
 258 8 12 0 16 0 18 0 19 1 24 0 25 0 29 0 30 0   -5
 259 3 12 3 18 2 24 1    4
 260 3 12 3 18 2 24 1    6
 261 3 12 6 18 2 24 1    1
 262 3 12 6 18 2 24 1    3
 263 3 12 3 24 2 29 1   10
 264 3 12 3 24 2 29 1   12
 265 4 12 6 24 1 29 2 30 2   -1
 266 4 12 6 24 1 29 2 30 2    1
 267 3 12 6 24 2 29 1    2
 268 3 12 6 24 2 29 1    4
 237 1 13 0     1
 238 1 13 0    -1
 269 1 13 1     1
 270 1 13 1    -1
 271 1 13 2     1
 272 1 13 2    -1
 273 1 13 3     1
 274 1 13 3    -1
 275 1 13 4     1
 276 1 13 4    -1
 277 1 13 5     1
 278 1 13 5    -1
 279 1 13 6     1
 280 1 13 6    -1
 281 1 13 7     1
 282 1 13 7    -1
 283 1 13 8     1
 284 1 13 8    -1
 285 1 13 9     1
 286 1 13 9    -1
 237 1 14 0     1
 238 1 14 0    -1
 287 1 14 1     1
 288 1 14 1    -1
 289 1 14 2     1
 290 1 14 2    -1
 291 1 14 3     1
 292 1 14 3    -1
 293 1 14 4     1
 294 1 14 4    -1
 295 1 14 5     1
 296 1 14 5    -1
 297 1 14 6     1
 298 1 14 6    -1
 299 1 14 7     1
 300 1 14 7    -1
 301 1 14 8     1
 302 1 14 8    -1
 303 1 14 9     1
 304 1 14 9    -1
 237 1 15 0     1
 238 1 15 0    -1
 305 1 15 1     1
 306 1 15 1    -1
 307 1 15 2     1
 308 1 15 2    -1
 309 1 15 3     1
 310 1 15 3    -1
 311 1 15 4     1
 312 1 15 4    -1
 313 1 15 5     1
 314 1 15 5    -1
 315 1 15 6     1
 316 1 15 6    -1
 317 1 15 7     1
 318 1 15 7    -1
 319 1 15 8     1
 320 1 15 8    -1
 321 1 15 9     1
 322 1 15 9    -1
 237 1 16 0     1
 238 1 16 0    -1
 323 1 16 1     1
 324 1 16 1    -1
 325 1 16 2     1
 326 1 16 2    -1
 327 1 16 3     1
 328 1 16 3    -1
 329 1 16 4     1
 330 1 16 4    -1
 331 1 16 5     1
 332 1 16 5    -1
 333 1 16 6     1
 334 1 16 6    -1
 335 1 16 7     1
 336 1 16 7    -1
 337 1 16 8     1
 338 1 16 8    -1
 339 1 16 9     1
 340 1 16 9    -1
 341 4 16 2 19 1 28 1 29 1   -1
 342 4 16 2 19 1 28 1 29 1    1
 343 4 16 8 19 1 28 1 29 1  -21
 344 4 16 8 19 1 28 1 29 1  -23
 345 3 16 2 19 1 29 1    1
 346 3 16 2 19 1 29 1    3
 237 1 17 0     1
 238 1 17 0    -1
 347 1 17 1     1
 348 1 17 1    -1
 349 1 17 2     1
 350 1 17 2    -1
 351 1 17 3     1
 352 1 17 3    -1
 353 1 17 4     1
 354 1 17 4    -1
 355 1 17 5     1
 356 1 17 5    -1
 357 1 17 6     1
 358 1 17 6    -1
 359 1 17 7     1
 360 1 17 7    -1
 361 1 17 8     1
 362 1 17 8    -1
 363 1 17 9     1
 364 1 17 9    -1
 237 1 18 0     1
 238 1 18 0    -1
 365 1 18 1     1
 366 1 18 1    -1
 367 1 18 2     1
 368 1 18 2    -1
 369 1 18 3     1
 370 1 18 3    -1
 371 1 18 4     1
 372 1 18 4    -1
 373 1 18 5     1
 374 1 18 5    -1
 375 1 18 6     1
 376 1 18 6    -1
 377 1 18 7     1
 378 1 18 7    -1
 379 1 18 8     1
 380 1 18 8    -1
 381 1 18 9     1
 382 1 18 9    -1
 383 5 18 0 20 0 24 1 29 2 32 0   8
 384 5 18 0 20 0 24 1 29 2 32 0   10
 385 6 18 0 19 0 24 1 25 8 29 1 36 1   3
 386 6 18 0 19 0 24 1 25 8 29 1 36 1   5
 387 6 18 0 19 0 24 1 25 0 29 1 36 1  -3
 388 6 18 0 19 0 24 1 25 0 29 1 36 1  -5
 389 5 18 0 19 1 24 2 29 0 36 0  10
 390 5 18 0 19 1 24 2 29 0 36 0  12
 391 4 18 2 19 1 28 0 29 0    9
 392 4 18 2 19 1 28 0 29 0   11
 393 3 18 2 19 1 28 1    2
 394 3 18 2 19 1 28 1    4
 395 3 18 2 20 2 24 2   -30
 396 3 18 2 20 2 24 2   -32
 397 3 18 2 20 2 24 1    6
 398 3 18 2 20 2 24 1    8
 399 2 18 1 20 9    -1
 400 2 18 1 20 9    -3
 401 4 18 0 20 0 26 2 28 2    1
 402 4 18 0 20 0 26 2 28 2    3
 403 5 18 1 20 1 23 2 28 1 32 1   6
 404 5 18 1 20 1 23 2 28 1 32 1   8
 405 2 18 2 20 2   -14
 406 2 18 2 20 2   -16
 407 4 18 1 20 2 24 1 29 2    9
 408 4 18 1 20 2 24 1 29 2   11
 409 4 18 1 23 2 24 1 29 2    9
 410 4 18 1 23 2 24 1 29 2   11
 411 4 18 2 24 0 25 1 28 1    9
 412 4 18 2 24 0 25 1 28 1   11
 413 3 18 1 24 1 29 2   -3
 414 3 18 1 24 1 29 2   -5
 415 5 18 2 24 2 25 1 26 1 29 1    8
 416 5 18 2 24 2 25 1 26 1 29 1   10
 417 5 18 1 24 1 25 2 26 2 29 2    8
 418 5 18 1 24 1 25 2 26 2 29 2   10
 419 3 18 1 24 1 29 1  -23
 420 3 18 1 24 1 29 1  -25
 421 3 18 0 24 1 29 1    3
 422 3 18 0 24 1 29 1    5
 423 3 18 1 28 0 29 0   -8
 424 3 18 1 28 0 29 0  -10
 425 3 18 2 28 1 29 1    3
 426 3 18 2 28 1 29 1    5
 237 1 19 0     1
 238 1 19 0    -1
 427 1 19 1     1
 428 1 19 1    -1
 429 1 19 2     1
 430 1 19 2    -1
 431 1 19 3     1
 432 1 19 3    -1
 433 1 19 4     1
 434 1 19 4    -1
 435 1 19 5     1
 436 1 19 5    -1
 437 1 19 6     1
 438 1 19 6    -1
 439 1 19 7     1
 440 1 19 7    -1
 441 1 19 8     1
 442 1 19 8    -1
 443 1 19 9     1
 444 1 19 9    -1
 445 3 19 1 20 2 26 1   -3
 446 3 19 1 20 2 26 1   -5
 447 2 19 1 24 1   -11
 448 2 19 1 24 1   -13
 237 1 20 0     1
 238 1 20 0    -1
 449 1 20 1     1
 450 1 20 1    -1
 451 1 20 2     1
 452 1 20 2    -1
 453 1 20 3     1
 454 1 20 3    -1
 455 1 20 4     1
 456 1 20 4    -1
 457 1 20 5     1
 458 1 20 5    -1
 459 1 20 6     1
 460 1 20 6    -1
 461 1 20 7     1
 462 1 20 7    -1
 463 1 20 8     1
 464 1 20 8    -1
 465 1 20 9     1
 466 1 20 9    -1
 467 6 20 0 21 0 23 0 24 0 26 1 32 1   4
 468 6 20 0 21 0 23 0 24 0 26 1 32 1   6
 469 5 20 0 21 1 24 1 26 0 35 1   9
 470 5 20 0 21 1 24 1 26 0 35 1  11
 471 4 20 9 21 1 24 1 35 1   2
 472 4 20 9 21 1 24 1 35 1   4
 473 5 20 0 21 3 24 0 26 2 37 0   8
 474 5 20 0 21 3 24 0 26 2 37 0  10
 475 3 20 9 21 3 26 2    3
 476 3 20 9 21 3 26 2    5
 477 3 20 1 23 2 32 0   3
 478 3 20 1 23 2 32 0   5
 479 4 20 0 24 0 26 0 28 1   -3
 470 4 20 0 24 0 26 0 28 1   -5
 481 5 20 2 24 2 25 1 26 1 29 1    8
 482 5 20 2 24 2 25 1 26 1 29 1   10
 483 5 20 1 24 1 25 2 26 2 29 2    8
 484 5 20 1 24 1 25 2 26 2 29 2   10
 237 1 21 0     1
 238 1 21 0    -1
 485 1 21 1     1
 486 1 21 1    -1
 487 1 21 2     1
 488 1 21 2    -1
 489 1 21 3     1
 490 1 21 3    -1
 491 1 21 4     1
 492 1 21 4    -1
 493 1 21 5     1
 494 1 21 5    -1
 495 1 21 6     1
 496 1 21 6    -1
 497 1 21 7     1
 498 1 21 7    -1
 499 1 21 8     1
 500 1 21 8    -1
 501 1 21 9     1
 502 1 21 9    -1
 503 3 21 3 24 9 26 2    3
 504 3 21 3 24 9 26 2    5
 505 4 21 1 24 1 26 9 35 1   2
 506 4 21 1 24 1 26 9 35 1   4
 507 3 21 3 26 2 37 9   3
 508 3 21 3 26 2 37 9   5
 237 1 22 0     1
 238 1 22 0    -1
 509 1 22 1     1
 510 1 22 1    -1
 511 1 22 2     1
 512 1 22 2    -1
 513 1 22 3     1
 514 1 22 3    -1
 515 1 22 4     1
 516 1 22 4    -1
 517 1 22 5     1
 518 1 22 5    -1
 519 1 22 6     1
 520 1 22 6    -1
 521 1 22 7     1
 522 1 22 7    -1
 523 1 22 8     1
 524 1 22 8    -1
 525 1 22 9     1
 526 1 22 9    -1
 237 1 23 0     1
 238 1 23 0    -1
 527 1 23 1     1
 528 1 23 1    -1
 529 1 23 2     1
 530 1 23 2    -1
 531 1 23 3     1
 532 1 23 3    -1
 533 1 23 4     1
 534 1 23 4    -1
 535 1 23 5     1
 536 1 23 5    -1
 537 1 23 6     1
 538 1 23 6    -1
 539 1 23 7     1
 540 1 23 7    -1
 541 1 23 8     1
 542 1 23 8    -1
 543 1 23 9     1
 144 1 23 9    -1
 545 5 23 1 24 1 25 2 26 2 29 2    8
 546 5 23 1 24 1 25 2 26 2 29 2   10
 547 5 23 2 24 2 25 1 26 1 29 1    8
 548 5 23 2 24 2 25 1 26 1 29 1   10
 237 1 24 0     1
 238 1 24 0    -1
 549 1 24 1     1
 550 1 24 1    -1
 551 1 24 2     1
 552 1 24 2    -1
 553 1 24 3     1
 554 1 24 3    -1
 555 1 24 4     1
 556 1 24 4    -1
 557 1 24 5     1
 558 1 24 5    -1
 559 1 24 6     1
 560 1 24 6    -1
 561 1 24 7     1
 562 1 24 7    -1
 563 1 24 8     1
 564 1 24 8    -1
 565 1 24 9     1
 566 1 24 9    -1
 567 2 24 1 29 1  -13
 568 2 24 1 29 1  -15
 569 2 24 1 29 2   -6
 570 2 24 1 29 2   -8
 237 1 25 0     1
 238 1 25 0    -1
 571 1 25 1     1
 572 1 25 1    -1
 573 1 25 2     1
 574 1 25 2    -1
 575 1 25 3     1
 576 1 25 3    -1
 577 1 25 4     1
 578 1 25 4    -1
 579 1 25 5     1
 580 1 25 5    -1
 581 1 25 6     1
 582 1 25 6    -1
 583 1 25 7     1
 584 1 25 7    -1
 585 1 25 8     1
 586 1 25 8    -1
 587 1 25 9     1
 588 1 25 9    -1
 237 1 26 0     1
 238 1 26 0    -1
 589 1 26 1     1
 590 1 26 1    -1
 591 1 26 2     1
 592 1 26 2    -1
 593 1 26 3     1
 594 1 26 3    -1
 595 1 26 4     1
 596 1 26 4    -1
 597 1 26 5     1
 598 1 26 5    -1
 599 1 26 6     1
 600 1 26 6    -1
 601 1 26 7     1
 602 1 26 7    -1
 603 1 26 8     1
 604 1 26 8    -1
 605 1 26 9     1
 606 1 26 9    -1
 237 1 27 0     1
 238 1 27 0    -1
 607 1 27 1     1
 608 1 27 1    -1
 609 1 27 2     1
 610 1 27 2    -1
 611 1 27 3     1
 612 1 27 3    -1
 613 1 27 4     1
 614 1 27 4    -1
 615 1 27 5     1
 616 1 27 5    -1
 617 1 27 6     1
 618 1 27 6    -1
 619 1 27 7     1
 620 1 27 7    -1
 621 1 27 8     1
 622 1 27 8    -1
 623 1 27 9     1
 624 1 27 9    -1
 237 1 28 0     1
 238 1 28 0    -1
 625 1 28 1     1
 626 1 28 1    -1
 627 1 28 2     1
 628 1 28 2    -1
 629 1 28 3     1
 630 1 28 3    -1
 631 1 28 4     1
 632 1 28 4    -1
 633 1 28 5     1
 634 1 28 5    -1
 635 1 28 6     1
 636 1 28 6    -1
 637 1 28 7     1
 638 1 28 7    -1
 639 1 28 8     1
 640 1 28 8    -1
 641 1 28 9     1
 642 1 28 9    -1
 237 1 29 0     1
 238 1 29 0    -1
 643 1 29 1     1
 644 1 29 1    -1
 645 1 29 2     1
 646 1 29 2    -1
 647 1 29 3     1
 648 1 29 3    -1
 649 1 29 4     1
 650 1 29 4    -1
 651 1 29 5     1
 652 1 29 5    -1
 653 1 29 6     1
 654 1 29 6    -1
 655 1 29 7     1
 656 1 29 7    -1
 657 1 29 8     1
 658 1 29 8    -1
 659 1 29 9     1
 660 1 29 9    -1
 661 2 29 1 32 1   -1
 662 2 29 1 32 1    1
 237 1 30 0     1
 238 1 30 0    -1
 663 1 30 1     1
 664 1 30 1    -1
 665 1 30 2     1
 666 1 30 2    -1
 667 1 30 3     1
 668 1 30 3    -1
 669 1 30 4     1
 670 1 30 4    -1
 671 1 30 5     1
 672 1 30 5    -1
 673 1 30 6     1
 674 1 30 6    -1
 675 1 30 7     1
 676 1 30 7    -1
 677 1 30 8     1
 678 1 30 8    -1
 679 1 30 9     1
 680 1 30 9    -1
 237 1 31 0     1
 238 1 31 0    -1
 681 1 31 1     1
 682 1 31 1    -1
 683 1 31 2     1
 684 1 31 2    -1
 685 1 31 3     1
 686 1 31 3    -1
 687 1 31 4     1
 688 1 31 4    -1
 689 1 31 5     1
 690 1 31 5    -1
 691 1 31 6     1
 692 1 31 6    -1
 693 1 31 7     1
 694 1 31 7    -1
 755 1 31 8     1
 756 1 31 8    -1
 757 1 31 9     1
 758 1 31 9    -1
